1.499999999999999869e-04 2.306273029671945823e-11 1.101955157633013221e-11
4.499999999999999877e-04 5.970412459632697647e-11 1.380717880101076811e-11
7.500000000000000156e-04 1.678335201309612443e-10 3.693847491054679093e-11
1.049999999999999935e-03 1.404547629164284500e-10 1.834237653177316090e-11
1.349999999999999855e-03 1.595329912752018445e-10 2.501088807012177905e-11
1.649999999999999991e-03 2.080776397566069143e-10 2.581904129010554355e-11
1.949999999999999910e-03 2.718360176014953262e-10 3.900359640051164622e-11
2.249999999999999830e-03 2.904985030529777132e-10 2.781354738565953613e-11
2.549999999999999750e-03 3.758990580643087185e-10 4.013138241231570268e-11
2.849999999999999669e-03 4.333686258425684464e-10 3.210433935362711280e-11
3.149999999999999589e-03 3.624542780169770295e-10 2.958282184323761918e-11
3.449999999999999942e-03 5.025682110364388414e-10 3.931572986378068850e-11
3.749999999999999861e-03 5.239658930423857964e-10 4.364025557720340271e-11
4.049999999999999781e-03 5.736964725207839949e-10 4.516212620778503797e-11
4.349999999999999700e-03 5.565750055475737496e-10 4.121916780390014880e-11
4.649999999999999620e-03 6.481455164945713936e-10 5.636365617292482476e-11
4.949999999999999539e-03 5.760269978925763407e-10 3.760628227572692382e-11
5.249999999999999459e-03 6.196187625709902895e-10 4.713060158104906078e-11
5.549999999999999378e-03 7.343598757608964555e-10 5.223142766811047204e-11
5.849999999999999298e-03 7.505466622664800158e-10 5.761634906863792493e-11
6.149999999999999217e-03 6.757624115703941564e-10 5.578987638856733815e-11
6.449999999999999137e-03 7.325010419052380576e-10 5.032147988276910255e-11
6.749999999999999056e-03 7.734680125481489479e-10 5.415628098385911052e-11
7.049999999999998976e-03 9.243429794896001699e-10 5.279057215714893604e-11
7.349999999999999763e-03 8.449078881789534449e-10 7.904332602404373633e-11
7.649999999999999682e-03 9.632450592094054567e-10 8.569949742656215182e-11
7.949999999999998734e-03 9.910032191769460499e-10 6.807360763465955813e-11
8.250000000000000389e-03 1.166136900287953060e-09 4.632965939737028981e-11
8.549999999999998573e-03 9.628783018177432142e-10 7.058231679208844059e-11
8.850000000000000228e-03 1.042778901722235171e-09 5.665584794178004492e-11
9.149999999999998412e-03 1.086180624656375793e-09 5.599799234007040106e-11
9.450000000000000067e-03 1.057189285850074248e-09 5.662991023397124378e-11
9.749999999999998251e-03 9.835214786733759098e-10 4.607750591056528926e-11
1.004999999999999991e-02 1.137535092090293710e-09 5.305353157705831064e-11
1.034999999999999809e-02 1.253377225000430147e-09 6.026955091594117750e-11
1.064999999999999974e-02 1.076309857809762818e-09 7.991606186946382489e-11
1.094999999999999793e-02 1.180921048634483850e-09 7.294242683682089887e-11
1.124999999999999958e-02 1.239770736471996042e-09 5.298262318172476561e-11
1.154999999999999777e-02 1.215247419234060119e-09 7.272372426982709102e-11
1.184999999999999942e-02 1.293192666685192666e-09 9.434390404144442308e-11
1.214999999999999761e-02 1.274074445220364406e-09 4.516896868359506328e-11
1.244999999999999926e-02 1.245879703447152109e-09 8.806340912662029836e-11
1.274999999999999745e-02 1.183556142347659104e-09 6.368787071746191574e-11
1.304999999999999910e-02 1.425034859180643408e-09 6.704987013245265075e-11
1.334999999999999729e-02 1.196477553480538857e-09 5.339356349946895140e-11
1.364999999999999894e-02 1.216975760026760536e-09 7.611226470059744548e-11
1.394999999999999712e-02 1.229521185928261375e-09 7.071145651618636523e-11
1.424999999999999878e-02 1.413548103863436757e-09 7.289935596152749831e-11
1.455000000000000043e-02 1.204193614663114390e-09 4.131216975560020451e-11
1.484999999999999862e-02 1.316305748462537869e-09 7.325966043777424826e-11
1.515000000000000027e-02 1.279427364703673034e-09 6.217509248680211967e-11
1.544999999999999846e-02 1.401646918893470718e-09 4.109817648664653547e-11
1.575000000000000011e-02 1.417228148354556511e-09 7.358718388498727379e-11
1.604999999999999830e-02 1.325028687688155175e-09 7.041226564433103393e-11
1.634999999999999648e-02 1.436453925389979622e-09 7.770663128405489129e-11
1.664999999999999813e-02 1.295270407000964853e-09 7.796566326371173264e-11
1.694999999999999979e-02 1.374445331732655550e-09 8.613859383482771124e-11
1.724999999999999797e-02 1.343722654295091082e-09 7.120321313459487149e-11
1.754999999999999616e-02 1.383748707468084255e-09 4.993990991906306278e-11
1.784999999999999781e-02 1.372842200036838763e-09 6.252325391083089818e-11
1.814999999999999947e-02 1.405159891700327095e-09 5.256229295172978761e-11
1.844999999999999765e-02 1.586898697598854296e-09 9.061587676451960383e-11
1.874999999999999584e-02 1.460105306759424856e-09 7.315809857448292915e-11
1.904999999999999749e-02 1.397719449638401137e-09 1.033677721338815416e-10
1.934999999999999915e-02 1.530539099312968488e-09 5.567227552985531855e-11
1.965000000000000080e-02 1.460311190514352095e-09 7.383077621833804568e-11
1.994999999999999898e-02 1.417202519285335683e-09 7.440801774477025332e-11
2.024999999999999717e-02 1.499544660737044448e-09 7.578163882839571285e-11
2.054999999999999882e-02 1.540562673252174529e-09 6.525003389186468295e-11
2.085000000000000048e-02 1.454162708717189433e-09 7.494588908430298664e-11
2.114999999999999866e-02 1.528897893396562696e-09 6.726600900769310997e-11
2.144999999999999685e-02 1.499438143849953478e-09 6.651008047255383986e-11
2.174999999999999850e-02 1.516720820748797229e-09 8.685096515094525971e-11
2.205000000000000016e-02 1.483151660733340222e-09 7.163968509842843444e-11
2.234999999999999834e-02 1.441030191695991318e-09 5.488100575508465600e-11
2.264999999999999653e-02 1.518069688175676708e-09 9.100393309930207416e-11
2.294999999999999818e-02 1.378615755913305782e-09 7.943799718462847014e-11
2.324999999999999983e-02 1.426612644113569881e-09 6.923669190214581454e-11
2.354999999999999802e-02 1.373112276562671903e-09 7.397150386843106211e-11
2.384999999999999620e-02 1.498624680423942165e-09 6.655565702339254600e-11
2.414999999999999786e-02 1.525416075842528826e-09 7.682825958574631914e-11
2.444999999999999951e-02 1.434245877768392371e-09 6.630549916175522813e-11
2.474999999999999770e-02 1.398245926518089370e-09 8.823654939279683584e-11
2.504999999999999588e-02 1.582043169925438256e-09 8.324483567934975719e-11
2.534999999999999754e-02 6.594186060691066160e-10 4.139620437640674115e-11
2.564999999999999919e-02 1.462973987092624606e-10 1.559472645811552483e-11
2.594999999999999737e-02 1.664852317696060292e-10 2.284645799802566975e-11
2.624999999999999556e-02 1.804982882794654943e-10 2.759156081664208681e-11
2.654999999999999721e-02 1.704074337717503293e-10 2.246516880469933968e-11
2.684999999999999887e-02 1.622674781523574701e-10 1.958771309624934512e-11
2.714999999999999705e-02 1.693574502876604190e-10 2.355739995295751374e-11
2.744999999999999524e-02 1.353923402077905267e-10 2.995019318303896433e-11
2.774999999999999689e-02 1.448631573033650367e-10 2.151413231293980225e-11
2.804999999999999855e-02 1.851283826511857569e-10 2.486306343028486546e-11
2.834999999999999673e-02 1.491358498492172626e-10 2.591936204018618816e-11
2.864999999999999838e-02 1.637701424041270869e-10 2.039427014462229021e-11
2.894999999999999657e-02 1.556794116499370829e-10 1.977485706807637543e-11
2.924999999999999822e-02 2.131251975126430179e-10 2.425128850125200662e-11
2.954999999999999988e-02 1.332856196886979606e-10 1.573741448359296530e-11
2.984999999999999806e-02 1.687460127088329974e-10 2.533257749451774059e-11
3.014999999999999625e-02 1.555561781472405863e-10 2.483148192133020819e-11
3.044999999999999790e-02 1.979877869555771973e-10 2.473186145978161595e-11
3.074999999999999956e-02 1.172367183040756056e-10 1.878882317837422534e-11
3.104999999999999774e-02 1.605012766904354578e-10 3.970686508383880451e-11
3.135000000000000286e-02 1.353464809177683800e-10 1.961445469932440365e-11
3.164999999999999758e-02 1.123541126745820493e-10 2.004411197182791970e-11
3.194999999999999230e-02 1.185989965607804255e-10 1.217887493379116509e-11
3.225000000000000089e-02 1.712027448464684432e-10 1.897914869302981914e-11
3.254999999999999560e-02 1.254697587282280816e-10 2.296793868796402613e-11
3.284999999999999726e-02 1.439708006968901192e-10 1.622119552646873130e-11
3.314999999999999891e-02 1.452887707047579569e-10 2.495716666272006161e-11
3.344999999999999363e-02 1.470422092663934314e-10 2.234999482612684792e-11
3.375000000000000222e-02 1.693204195064717348e-10 2.690067051812855635e-11
3.404999999999999694e-02 1.155943660305633139e-10 2.295421056886149320e-11
3.434999999999999165e-02 1.247534467638713567e-10 2.849968936993714508e-11
3.465000000000000024e-02 1.111309834813677542e-10 1.725709155111458712e-11
3.494999999999999496e-02 1.577039425364927724e-10 3.335164776375821995e-11
3.524999999999999661e-02 9.859588224079254942e-11 1.161377260351893860e-11
3.554999999999999827e-02 1.462079477782107084e-10 1.496543286278941710e-11
3.584999999999999298e-02 8.289428390121252268e-11 1.799421530846032672e-11
3.615000000000000158e-02 8.119415195885297203e-11 1.630352030187931977e-11
3.644999999999999629e-02 1.080330638341288051e-10 2.156815268781778425e-11
3.674999999999999101e-02 1.511079981147621625e-10 2.348104109342801379e-11
3.704999999999999960e-02 1.414775551645645096e-10 2.530608275310708740e-11
3.734999999999999432e-02 1.143079547680455083e-10 2.681182339351512523e-11
3.764999999999999597e-02 1.166646931326046801e-10 3.044999833046041344e-11
3.794999999999999762e-02 1.404938883535056834e-10 1.850953817821150779e-11
3.824999999999999234e-02 9.232471468682302111e-11 1.986129892158905206e-11
3.855000000000000093e-02 1.428004779404673382e-10 2.707756174145102515e-11
3.884999999999999565e-02 1.125420844768335835e-10 1.838487677945255862e-11
3.914999999999999730e-02 1.138564326483001201e-10 2.095221810086124716e-11
3.944999999999999896e-02 9.860103047290869539e-11 2.084684093473975988e-11
3.974999999999999367e-02 1.045553431488310198e-10 1.636503548988480667e-11
4.005000000000000226e-02 1.030835088978627340e-10 1.799756323797635764e-11
4.034999999999999698e-02 1.359632842355853009e-10 2.002926120600693482e-11
4.064999999999999170e-02 1.121417577862559160e-10 1.834490834118557580e-11
4.095000000000000029e-02 8.571349117547859871e-11 2.159604596953939743e-11
4.124999999999999500e-02 9.585328546941332677e-11 1.090660419168329872e-11
4.154999999999999666e-02 5.855375105124252826e-11 1.438125421044037798e-11
4.184999999999999831e-02 9.420940573579883209e-11 1.915380031650004593e-11
4.214999999999999303e-02 8.811097809434483672e-11 1.608908162350742859e-11
4.245000000000000162e-02 9.352088979331786098e-11 1.848921437547204733e-11
4.274999999999999634e-02 1.128960065814633035e-10 1.814025928113657193e-11
4.304999999999999105e-02 7.068327499007706911e-11 1.109609382359729920e-11
4.334999999999999964e-02 8.928115234640379557e-11 1.729955477881264353e-11
4.364999999999999436e-02 6.419152510108725623e-11 1.429726181317081505e-11
4.394999999999999601e-02 6.969659351054746116e-11 2.285873865192549191e-11
4.424999999999999767e-02 7.200255768131050998e-11 1.565337147042380180e-11
4.454999999999999238e-02 6.365173941337499070e-11 1.352393452039023341e-11
4.485000000000000098e-02 5.318047871258678011e-11 1.528050350930726921e-11
4.514999999999999569e-02 9.415741870098777051e-11 1.239431753141233544e-11
4.544999999999999041e-02 8.498894419876017254e-11 1.568240114547176711e-11
4.574999999999999900e-02 2.745821053269453249e-11 1.188550634368685359e-11
4.604999999999999372e-02 9.721150587201140017e-11 2.358620841417000275e-11
4.634999999999999537e-02 6.744251951628496220e-11 1.503880394182138090e-11
4.664999999999999702e-02 6.136771481978764940e-11 1.256803949522141228e-11
4.694999999999999174e-02 6.564910800781380940e-11 1.593656012670180069e-11
4.725000000000000033e-02 1.142209615540026253e-10 1.610245777698577869e-11
4.754999999999999505e-02 6.868496791471906256e-11 2.092050838259566105e-11
4.784999999999998976e-02 9.011307829799408317e-11 1.507698576600764559e-11
4.814999999999999836e-02 5.308540637597782079e-11 1.292227883988928846e-11
4.844999999999999307e-02 5.989928532834681300e-11 1.197092919773975817e-11
4.875000000000000167e-02 6.393120608205752269e-11 2.149165081217911458e-11
4.904999999999999638e-02 6.324771195319587088e-11 1.105548188685679754e-11
4.934999999999999110e-02 7.128259462961305636e-11 7.324387769389006898e-12
4.964999999999999969e-02 8.985846573117849559e-11 1.838042887946547802e-11
4.994999999999999440e-02 8.413925998329877660e-11 1.600232934882991280e-11
5.024999999999999606e-02 9.203848869214121185e-11 1.990491579495212180e-11
5.054999999999999771e-02 9.047688515650799921e-11 1.069192351819302932e-11
5.084999999999999243e-02 6.729389772034881648e-11 1.167578583034640746e-11
5.115000000000000102e-02 7.760399066420089173e-11 1.040861882257497408e-11
5.144999999999999574e-02 3.864203536073108734e-11 9.107885418422220655e-12
5.174999999999999045e-02 6.743675017718701131e-11 2.283926424588461388e-11
5.204999999999999905e-02 8.766651200437070176e-11 1.329314475538948353e-11
5.234999999999999376e-02 5.533859478046980320e-11 1.020128196800024605e-11
5.264999999999999541e-02 4.663470040303105858e-11 1.452388748479448203e-11
5.294999999999999707e-02 5.909722716689135625e-11 2.110191600881311943e-11
5.324999999999999178e-02 4.554125031063416268e-11 1.447806407355781155e-11
5.355000000000000038e-02 3.836278286110566821e-11 1.075434223543886753e-11
5.384999999999999509e-02 5.481911619233033431e-11 1.424013468551392451e-11
5.414999999999998981e-02 6.426089661184566602e-11 1.385534026943864216e-11
5.444999999999999840e-02 2.857397670245033142e-11 9.089189321885654474e-12
5.474999999999999312e-02 4.504678593291187332e-11 1.118724653321532361e-11
5.504999999999999477e-02 5.922976294061365113e-11 1.513142751879858783e-11
5.534999999999999643e-02 5.409416829681616541e-11 1.311163514016756183e-11
5.564999999999999114e-02 6.514292688904130486e-11 1.388314347136372305e-11
5.594999999999999973e-02 5.341103700348603361e-11 1.458341264301018516e-11
5.624999999999999445e-02 4.631675470345167486e-11 1.121693806629440243e-11
5.654999999999998916e-02 3.783150131716687754e-11 1.254343753564049345e-11
5.684999999999999776e-02 6.099219935102037150e-11 1.101108300628523100e-11
5.714999999999999247e-02 5.775022722252152011e-11 2.155516510743777394e-11
5.745000000000000107e-02 3.954927655170616918e-11 1.481346831480088862e-11
5.774999999999999578e-02 7.317838785075610561e-11 9.463431735608982310e-12
5.804999999999999050e-02 3.039836256254299804e-11 9.387952087177886047e-12
5.834999999999999909e-02 5.801745287128205032e-11 1.290429539222057478e-11
5.864999999999999380e-02 4.423870513797848505e-11 1.214953614356118587e-11
5.894999999999999546e-02 4.905546233567042311e-11 1.236636914498430741e-11
5.924999999999999711e-02 3.222219148819396263e-11 1.099647933565548380e-11
5.954999999999999183e-02 3.796336511771518235e-11 6.431505350792328832e-12
5.985000000000000042e-02 5.611072847708505281e-11 1.787164041177973592e-11
6.014999999999999514e-02 3.161194328398208222e-11 8.824287785142193245e-12
6.044999999999998985e-02 3.792322693010164693e-11 1.250742056931307226e-11
6.074999999999999845e-02 3.165252048942313837e-11 1.015220668252192663e-11
6.104999999999999316e-02 5.314241602951727027e-11 1.535800620889340503e-11
6.134999999999999482e-02 3.615047388045388184e-11 1.167437897412108222e-11
6.164999999999999647e-02 2.645377121827321678e-11 9.402583237553727924e-12
6.194999999999999118e-02 3.420778951351330484e-11 9.145300318639552203e-12
6.224999999999999978e-02 5.148888603473205825e-11 1.651225644033912673e-11
6.254999999999999449e-02 2.658969698175104987e-11 7.326400843445327576e-12
6.284999999999998921e-02 5.092428840147448577e-11 1.849594750358524385e-11
6.314999999999999780e-02 3.478522934698927990e-11 9.075004277668838518e-12
6.344999999999999252e-02 4.635546694045752575e-11 1.125653112271120593e-11
6.375000000000000111e-02 6.178174151522099498e-11 7.161316069610430987e-12
6.404999999999999583e-02 4.052927326620570260e-11 1.043333649815378624e-11
6.434999999999999054e-02 6.201381110990205685e-11 1.708067606784286906e-11
6.464999999999998526e-02 5.097326280004366209e-11 1.223918927760408176e-11
6.494999999999999385e-02 3.995611005396039083e-11 1.239750366332116591e-11
6.525000000000000244e-02 3.919203892352333000e-11 1.134230056865856420e-11
6.554999999999999716e-02 4.127143276322103931e-11 1.583602361815786074e-11
6.584999999999999187e-02 2.630483060257479257e-11 6.471141871413227433e-12
6.614999999999998659e-02 2.126622983556295289e-11 1.173724313128949724e-11
6.644999999999999518e-02 3.250320097116029993e-11 8.950866431250754042e-12
6.674999999999998990e-02 2.252513281427672395e-11 7.887103324220607332e-12
6.704999999999999849e-02 4.649538945727237842e-11 1.239425987597824091e-11
6.734999999999999321e-02 1.643887777024819580e-11 8.010085818617780006e-12
6.764999999999998792e-02 4.285957362231929159e-11 1.448693210359837576e-11
6.794999999999999651e-02 3.189891212441219028e-11 8.526897457933438454e-12
6.824999999999999123e-02 2.455444979357014913e-11 9.562471929869113097e-12
6.854999999999999982e-02 2.320696587665531812e-11 8.374977586347665256e-12
6.884999999999999454e-02 2.608501630673147238e-11 7.378050441593670707e-12
6.914999999999998925e-02 1.254095728309769466e-11 5.475626172603457814e-12
6.944999999999999785e-02 2.332571975437270083e-11 1.151730132738119102e-11
6.974999999999999256e-02 2.470592681385560049e-11 1.143105158514254611e-11
7.005000000000000115e-02 5.079054323575094965e-11 2.375122473411122375e-11
7.034999999999999587e-02 2.085285417227658370e-11 6.163661202583234867e-12
7.064999999999999059e-02 3.119815144343723660e-11 8.577916568688764910e-12
7.094999999999998530e-02 3.901489336621215707e-11 1.168514851168495981e-11
7.124999999999999389e-02 2.704087642989998747e-11 9.723144823780635677e-12
7.155000000000000249e-02 1.217656015338362274e-11 5.515895083086257092e-12
7.184999999999999720e-02 1.942998788988560432e-11 6.723282428936656125e-12
7.214999999999999192e-02 3.938745517997930529e-11 1.492833274590237912e-11
7.244999999999998663e-02 3.634320642384652829e-11 1.227597121164926144e-11
7.274999999999999523e-02 1.645783378185227505e-11 7.834041387231312514e-12
7.304999999999998994e-02 4.163595991570683684e-11 9.476878220942015987e-12
7.334999999999999853e-02 4.072542819148272343e-11 8.647323649063642896e-12
7.364999999999999325e-02 3.569048884276329193e-11 1.215345585697095417e-11
7.394999999999998797e-02 2.338651067082664668e-11 7.260896268918774689e-12
7.424999999999999656e-02 1.154606791680159879e-11 5.688576549293352697e-12
7.454999999999999127e-02 6.142381612941159137e-12 3.456544022609025183e-12
7.484999999999999987e-02 2.302696448051830283e-11 6.821699584449393916e-12
7.514999999999999458e-02 3.356178870655028835e-11 9.082954816435135804e-12
7.544999999999998930e-02 2.036295555635371944e-11 6.767822254164516949e-12
7.574999999999998401e-02 3.815620443564823408e-11 1.491012011868223435e-11
7.604999999999999261e-02 2.618355000959288247e-11 1.099932301940531723e-11
7.635000000000000120e-02 4.234679768686403335e-11 1.035682578580088257e-11
7.664999999999999591e-02 5.152712583120134033e-11 1.605596987456985782e-11
7.694999999999999063e-02 2.266044156782852142e-11 8.410801672625947844e-12
7.724999999999998535e-02 2.293299044105741287e-11 1.011995659489733170e-11
7.754999999999999394e-02 1.956684751375574474e-11 9.819128012554291855e-12
7.785000000000000253e-02 1.333188176884704019e-11 6.966061964767790600e-12
7.814999999999999725e-02 2.857076414001011843e-11 9.198960893828856933e-12
7.844999999999999196e-02 1.861820090258873734e-11 7.525858076350931043e-12
7.874999999999998668e-02 3.313838981037791379e-11 1.349394179514273484e-11
7.904999999999999527e-02 3.811888423463495903e-11 1.045274441790362427e-11
7.934999999999998999e-02 2.879920741785025201e-11 1.271687429998991003e-11
7.964999999999999858e-02 2.074535867108779397e-11 8.151784405308987284e-12
7.994999999999999329e-02 1.811945012245077432e-11 6.022959691259768768e-12
8.024999999999998801e-02 2.382882069724687578e-11 9.516312696582492609e-12
8.054999999999999660e-02 2.371459752257675353e-11 7.040166600139877470e-12
8.084999999999999132e-02 2.827262187957299553e-11 1.105204970391135642e-11
8.114999999999999991e-02 2.874338757843053185e-11 9.478358014074510102e-12
8.144999999999999463e-02 2.756513502407521548e-11 9.231900378740233744e-12
8.174999999999998934e-02 9.522572620448413825e-12 5.215528382295322202e-12
8.204999999999998406e-02 2.874785850428403200e-11 6.577279225984523025e-12
8.234999999999999265e-02 3.457874766926641710e-11 1.312139229269155859e-11
8.265000000000000124e-02 2.025470960861450367e-11 1.402228630372300615e-11
8.294999999999999596e-02 2.403974456001908756e-11 1.314291276681012653e-11
8.324999999999999067e-02 1.129205263763042316e-11 7.521168431402688386e-12
8.354999999999998539e-02 2.155175976432552633e-11 9.718435931434693730e-12
8.384999999999999398e-02 2.611297842160580044e-11 1.247279355464236725e-11
8.414999999999998870e-02 2.221409533647478330e-11 1.063685453625500801e-11
8.444999999999999729e-02 2.313875534860440170e-11 6.855947550984522121e-12
8.474999999999999201e-02 3.354660226363980576e-11 8.925893214427355751e-12
8.504999999999998672e-02 1.638743919201533161e-11 8.273773862051246038e-12
8.534999999999999531e-02 5.710020762610038421e-12 5.256569549304016603e-12
8.564999999999999003e-02 2.085717146869892838e-11 8.700188620201537709e-12
8.594999999999999862e-02 1.484890465781130738e-11 5.808598401290823417e-12
8.624999999999999334e-02 1.623461553906526886e-11 8.934741716903547824e-12
8.654999999999998805e-02 1.308074629996544689e-11 7.368986520997542920e-12
8.684999999999999665e-02 1.755796499214980405e-11 1.085359060164648680e-11
8.714999999999999136e-02 1.885978939695659049e-11 7.642483019320944748e-12
8.744999999999999996e-02 1.131357864707662615e-11 5.244497571004898923e-12
8.774999999999999467e-02 1.475216567349398003e-11 7.031031109151228777e-12
8.804999999999998939e-02 1.044246122365894940e-11 4.598169021992235006e-12
8.834999999999998410e-02 1.622575565800779580e-11 7.668668438495360188e-12
8.864999999999999269e-02 5.412712554094587778e-12 4.492103391681285865e-12
8.895000000000000129e-02 1.280079430910675133e-11 5.824455592443524853e-12
8.924999999999999600e-02 6.921266010187284364e-12 4.721184939111529896e-12
8.954999999999999072e-02 3.944506313717404292e-12 3.392218612777376788e-12
8.984999999999998543e-02 1.499331447894293351e-11 6.641319939712202240e-12
9.014999999999999403e-02 1.648864671299607062e-11 5.928468444612128783e-12
9.044999999999998874e-02 1.742598462658522326e-11 8.705252529125705611e-12
9.074999999999999734e-02 2.740286627264501822e-11 9.251047054257642965e-12
9.104999999999999205e-02 1.839333891304650813e-11 6.172137320263175327e-12
9.134999999999998677e-02 9.601474554459888951e-12 6.609400581177055253e-12
9.164999999999999536e-02 2.072366025972135484e-11 9.727098440478303306e-12
9.194999999999999007e-02 1.882802411914329988e-11 8.044151958256007020e-12
9.224999999999999867e-02 1.112342238166517745e-11 5.874176598534671733e-12
9.254999999999999338e-02 1.950932940860079751e-11 9.625539204184584077e-12
9.284999999999998810e-02 9.957127759272925611e-12 5.037998991738462918e-12
9.314999999999998281e-02 1.991242629461183645e-11 6.389403296733054718e-12
9.344999999999999141e-02 1.849547304092306915e-11 7.639363714901009259e-12
9.375000000000000000e-02 8.590941125878515074e-12 4.679941044630465449e-12
9.404999999999999472e-02 1.077939080056028828e-12 1.077939080056028626e-12
9.434999999999998943e-02 1.350907375302284638e-11 7.164548216782040976e-12
9.464999999999998415e-02 9.170112688659792771e-12 5.175935244962249886e-12
9.494999999999999274e-02 1.484669118400354380e-11 7.592144205811203914e-12
9.524999999999998745e-02 2.143192888614529596e-11 7.976842959659648235e-12
9.554999999999999605e-02 0.000000000000000000e+00 0.000000000000000000e+00
9.584999999999999076e-02 1.262014242181635123e-11 4.877419171579170303e-12
9.614999999999998548e-02 9.476426277518047757e-12 7.200180746535851757e-12
9.644999999999999407e-02 8.169553695647211004e-12 5.613585954499998442e-12
9.674999999999998879e-02 7.144327028508808082e-12 4.830219625578236585e-12
9.704999999999999738e-02 1.371518174629817241e-11 5.718841233530673869e-12
9.734999999999999210e-02 5.538937330743975187e-12 4.237121404114773227e-12
9.764999999999998681e-02 6.486123642910888394e-12 3.318194298588007621e-12
9.794999999999999540e-02 1.489406044865879723e-12 9.668053447004058207e-13
9.824999999999999012e-02 1.492506510252828879e-11 6.081267575422845005e-12
9.854999999999999871e-02 8.722591158532078578e-12 4.575852918381437727e-12
9.884999999999999343e-02 0.000000000000000000e+00 0.000000000000000000e+00
9.914999999999998814e-02 1.224061205245895497e-11 7.932233205091607112e-12
9.944999999999998286e-02 6.176367012308644364e-12 4.845365412303822646e-12
9.974999999999999145e-02 5.786826267126501697e-12 2.726710535144673189e-12
1.000500000000000000e-01 4.543730062132082648e-13 3.422570867777396373e-13
1.003499999999999948e-01 1.324219418758647403e-11 5.089610605965822167e-12
1.006499999999999895e-01 9.626829373705775088e-12 4.282940363618152027e-12
1.009499999999999842e-01 7.683381536149983485e-12 5.645171495678125818e-12
1.012499999999999928e-01 8.737279326221420345e-12 5.826650851348938216e-12
1.015499999999999875e-01 3.790296758762624584e-12 3.790296758762624584e-12
1.018499999999999961e-01 1.077871015144779297e-11 5.718627465703221771e-12
1.021499999999999908e-01 1.068920088010813011e-11 4.634383966634623270e-12
1.024499999999999855e-01 1.068898908312125557e-11 6.751263596495930558e-12
1.027499999999999941e-01 6.280473927016046392e-12 3.891156254818134013e-12
1.030499999999999888e-01 7.741390396993670451e-12 5.599613720616080418e-12
1.033499999999999974e-01 1.230869009004286567e-11 6.199094593522832717e-12
1.036499999999999921e-01 4.120173304790484937e-12 3.860850487735694302e-12
1.039499999999999869e-01 2.310828159488792675e-12 2.310828159488792675e-12
1.042499999999999816e-01 1.406739271849439842e-11 8.881509990343656893e-12
1.045499999999999902e-01 9.476728246261688841e-12 6.319209706712290285e-12
1.048499999999999988e-01 0.000000000000000000e+00 0.000000000000000000e+00
1.051499999999999935e-01 1.125015475076277402e-11 5.064014718196587943e-12
1.054499999999999882e-01 7.360999313298708155e-12 5.732711549075600423e-12
1.057499999999999829e-01 7.209793106634719051e-12 3.971434651282758040e-12
1.060499999999999915e-01 1.903069595783102768e-12 1.903069595783102768e-12
1.063500000000000001e-01 9.365783467296044166e-12 5.103684364379040941e-12
1.066499999999999948e-01 7.631959164920926671e-12 5.057871216936250433e-12
1.069499999999999895e-01 6.190181457372117773e-12 4.210528012781139522e-12
1.072499999999999842e-01 1.108934346154353290e-11 8.132958545254046876e-12
1.075499999999999928e-01 3.921085058096273771e-13 3.921085058096274276e-13
1.078499999999999875e-01 6.805392863694979910e-12 4.973235015277614608e-12
1.081499999999999961e-01 2.650983882066594173e-12 1.452087717882260498e-12
1.084499999999999909e-01 1.574507089377946143e-11 6.668756362130214189e-12
1.087499999999999856e-01 8.525605731008732882e-12 5.684546407197499639e-12
1.090499999999999942e-01 2.771824876167036112e-12 2.771824876167036516e-12
1.093499999999999889e-01 1.370125549757628603e-11 8.764028835097268424e-12
1.096499999999999975e-01 6.251770567085262517e-12 4.638201000450949081e-12
1.099499999999999922e-01 4.778540176090953135e-13 3.188752558142783092e-13
1.102499999999999869e-01 7.728221054897453035e-12 5.249969176543147865e-12
1.105499999999999816e-01 5.001728218532012782e-12 5.001728218532011974e-12
1.108499999999999902e-01 6.495412615683500291e-12 5.389036466325405193e-12
1.111499999999999988e-01 6.996245250997012632e-12 4.945847951279546224e-12
1.114499999999999935e-01 8.133088297785473781e-12 5.509713629745457655e-12
1.117499999999999882e-01 7.325837710340358755e-12 4.982861780849789232e-12
1.120499999999999829e-01 4.937993412419720663e-12 4.681956377898013849e-12
1.123499999999999915e-01 6.050674473969517804e-13 6.050674473969518814e-13
1.126499999999999863e-01 1.307567771661303743e-12 1.307567771661303541e-12
1.129499999999999948e-01 2.911307864238516371e-12 2.374547154479406155e-12
1.132499999999999896e-01 9.010143709399972571e-12 4.806376640670273945e-12
1.135499999999999843e-01 9.231116054041140488e-12 4.931308586870534850e-12
1.138499999999999929e-01 2.968517080028623890e-12 1.983761857927144318e-12
1.141499999999999876e-01 1.259047971227140383e-12 1.259047971227140383e-12
1.144499999999999962e-01 1.165245800222420493e-11 7.198820202560232169e-12
1.147499999999999909e-01 2.527401260086533588e-12 1.490916503007131179e-12
1.150499999999999856e-01 7.646007867259564559e-12 5.254778207840341894e-12
1.153499999999999942e-01 1.342945229496383687e-12 1.036059758078084694e-12
1.156499999999999889e-01 1.905295317913177779e-11 7.524157775861197253e-12
1.159499999999999975e-01 1.294024326472185768e-11 5.643313770092511375e-12
1.162499999999999922e-01 4.415980175311147169e-12 4.415980175311147977e-12
1.165499999999999869e-01 1.022373433724452214e-12 1.022373433724452214e-12
1.168499999999999817e-01 1.104856904395977803e-11 6.329913800137619153e-12
1.171499999999999903e-01 9.418377729103411587e-12 7.716410052927909845e-12
1.174499999999999988e-01 4.341898126792454379e-12 4.341898126792454379e-12
1.177499999999999936e-01 4.270030028831883235e-12 4.270030028831883235e-12
1.180499999999999883e-01 2.174524865051752314e-12 2.174524865051751910e-12
1.183499999999999830e-01 3.511649616617703943e-12 2.966854859657073540e-12
1.186499999999999916e-01 6.759249431566809949e-12 4.707792594630151433e-12
1.189499999999999863e-01 6.788496270101686297e-12 4.572148165940277903e-12
1.192499999999999949e-01 7.200220922390945442e-12 5.028624172173953614e-12
1.195499999999999896e-01 1.871882027876253861e-12 1.871882027876253861e-12
1.198499999999999843e-01 1.008542649244021278e-11 4.944922370328077493e-12
1.201499999999999929e-01 1.632822641025987528e-13 1.632822641025987528e-13
1.204499999999999876e-01 1.649559239306563523e-12 1.097230714150525789e-12
1.207499999999999962e-01 8.397957514281132784e-12 5.652772597145688736e-12
1.210499999999999909e-01 8.192073362459515579e-12 4.582146852540504728e-12
1.213499999999999857e-01 0.000000000000000000e+00 0.000000000000000000e+00
1.216499999999999804e-01 5.183718873484406205e-12 3.039710082933723336e-12
1.219499999999999890e-01 6.564830096624677459e-12 3.429929451425588627e-12
1.222499999999999976e-01 0.000000000000000000e+00 0.000000000000000000e+00
1.225499999999999923e-01 3.037508402341456230e-12 2.146484816354023002e-12
1.228499999999999870e-01 2.827268787262146431e-12 2.108740304211370299e-12
1.231499999999999817e-01 0.000000000000000000e+00 0.000000000000000000e+00
1.234499999999999903e-01 4.216232675673881617e-12 4.216232675673881617e-12
1.237499999999999850e-01 5.064170944835860102e-12 3.383620728947164206e-12
1.240499999999999936e-01 2.481022428550962425e-12 2.481022428550962425e-12
1.243499999999999883e-01 3.385944979595334093e-12 3.385944979595334093e-12
1.246499999999999830e-01 5.315564958306601481e-12 5.315564958306600673e-12
1.249499999999999916e-01 8.136835791201849612e-12 8.136835791201849612e-12
1.252499999999999725e-01 1.728691287013737267e-12 1.728691287013737065e-12
1.255499999999999949e-01 5.098864606925934170e-12 3.195323175071573312e-12
1.258499999999999897e-01 0.000000000000000000e+00 0.000000000000000000e+00
1.261499999999999844e-01 0.000000000000000000e+00 0.000000000000000000e+00
1.264500000000000068e-01 5.383111181975022339e-12 5.383111181975022339e-12
1.267499999999999738e-01 4.336814084143163257e-12 3.097947163638435308e-12
1.270499999999999963e-01 1.891579791277757064e-12 1.578787011317248322e-12
1.273499999999999910e-01 3.293797830908614847e-12 3.293797830908615251e-12
1.276499999999999857e-01 1.061947265636729274e-11 5.330328218107618270e-12
1.279500000000000082e-01 0.000000000000000000e+00 0.000000000000000000e+00
1.282499999999999751e-01 2.845635322577416296e-12 2.845635322577416296e-12
1.285499999999999976e-01 4.748862734920209045e-12 4.748862734920209045e-12
1.288499999999999646e-01 2.243265244488765863e-12 2.243265244488765863e-12
1.291499999999999870e-01 0.000000000000000000e+00 0.000000000000000000e+00
1.294500000000000095e-01 0.000000000000000000e+00 0.000000000000000000e+00
1.297499999999999765e-01 0.000000000000000000e+00 0.000000000000000000e+00
1.300499999999999989e-01 5.145680299131715330e-12 3.905652146090760634e-12
1.303499999999999659e-01 0.000000000000000000e+00 0.000000000000000000e+00
1.306499999999999884e-01 2.986025409985563321e-12 2.986025409985563321e-12
1.309500000000000108e-01 1.202746724133100448e-11 5.914238313799479624e-12
1.312499999999999778e-01 0.000000000000000000e+00 0.000000000000000000e+00
1.315500000000000003e-01 5.029894578029857472e-12 5.029894578029857472e-12
1.318499999999999672e-01 0.000000000000000000e+00 0.000000000000000000e+00
1.321499999999999897e-01 0.000000000000000000e+00 0.000000000000000000e+00
1.324500000000000122e-01 4.600359088756404024e-12 4.600359088756404024e-12
1.327499999999999791e-01 0.000000000000000000e+00 0.000000000000000000e+00
1.330500000000000016e-01 4.038135861991737128e-12 4.038135861991736320e-12
1.333499999999999686e-01 2.579714229620782097e-12 2.579714229620782097e-12
1.336499999999999910e-01 0.000000000000000000e+00 0.000000000000000000e+00
1.339499999999999857e-01 8.337276132943910578e-12 5.388749733300518217e-12
1.342499999999999805e-01 6.250087372055719855e-12 4.861591707937623804e-12
1.345500000000000029e-01 4.475750685130437920e-12 3.126373638855065040e-12
1.348499999999999699e-01 4.483348771616048114e-12 3.601355520633016840e-12
1.351499999999999924e-01 4.971454295326852262e-12 4.971454295326852262e-12
1.354499999999999871e-01 0.000000000000000000e+00 0.000000000000000000e+00
1.357499999999999818e-01 0.000000000000000000e+00 0.000000000000000000e+00
1.360500000000000043e-01 0.000000000000000000e+00 0.000000000000000000e+00
1.363499999999999712e-01 2.351768510789873689e-12 2.351768510789873689e-12
1.366499999999999937e-01 0.000000000000000000e+00 0.000000000000000000e+00
1.369499999999999884e-01 0.000000000000000000e+00 0.000000000000000000e+00
1.372499999999999831e-01 0.000000000000000000e+00 0.000000000000000000e+00
1.375500000000000056e-01 0.000000000000000000e+00 0.000000000000000000e+00
1.378499999999999726e-01 0.000000000000000000e+00 0.000000000000000000e+00
1.381499999999999950e-01 0.000000000000000000e+00 0.000000000000000000e+00
1.384499999999999897e-01 0.000000000000000000e+00 0.000000000000000000e+00
1.387499999999999845e-01 1.406323375960937433e-12 1.406323375960937433e-12
1.390500000000000069e-01 0.000000000000000000e+00 0.000000000000000000e+00
1.393499999999999739e-01 0.000000000000000000e+00 0.000000000000000000e+00
1.396499999999999964e-01 2.473260894936508412e-12 2.473260894936508412e-12
1.399499999999999633e-01 2.678895816978331836e-12 2.678895816978331432e-12
1.402499999999999858e-01 0.000000000000000000e+00 0.000000000000000000e+00
1.405500000000000083e-01 0.000000000000000000e+00 0.000000000000000000e+00
1.408499999999999752e-01 0.000000000000000000e+00 0.000000000000000000e+00
1.411499999999999977e-01 4.226428101939072015e-12 4.226428101939072823e-12
1.414499999999999647e-01 0.000000000000000000e+00 0.000000000000000000e+00
1.417499999999999871e-01 2.856116961833327176e-12 2.856116961833327176e-12
1.420500000000000096e-01 6.781455778199460140e-13 6.781455778199461150e-13
1.423499999999999766e-01 3.119961166625510627e-12 3.119961166625510627e-12
1.426499999999999990e-01 0.000000000000000000e+00 0.000000000000000000e+00
1.429499999999999660e-01 0.000000000000000000e+00 0.000000000000000000e+00
1.432499999999999885e-01 7.416229082674275233e-12 4.963847537700692162e-12
1.435500000000000109e-01 4.400308756743040183e-12 4.400308756743040183e-12
1.438499999999999779e-01 4.762767222807881231e-12 4.055832354912740202e-12
1.441500000000000004e-01 0.000000000000000000e+00 0.000000000000000000e+00
1.444499999999999673e-01 0.000000000000000000e+00 0.000000000000000000e+00
1.447499999999999898e-01 6.140353502375915947e-13 6.140353502375916956e-13
1.450500000000000123e-01 4.798218748213876144e-12 4.798218748213876144e-12
1.453499999999999792e-01 4.656656884165632014e-12 4.656656884165632014e-12
1.456500000000000017e-01 0.000000000000000000e+00 0.000000000000000000e+00
1.459499999999999686e-01 3.011476592428655571e-12 3.011476592428655571e-12
1.462499999999999911e-01 2.186875151992888622e-12 2.186875151992888622e-12
1.465499999999999858e-01 0.000000000000000000e+00 0.000000000000000000e+00
1.468499999999999805e-01 0.000000000000000000e+00 0.000000000000000000e+00
1.471500000000000030e-01 3.234768827731484160e-12 3.234768827731484160e-12
1.474499999999999700e-01 0.000000000000000000e+00 0.000000000000000000e+00
1.477499999999999925e-01 0.000000000000000000e+00 0.000000000000000000e+00
1.480499999999999872e-01 0.000000000000000000e+00 0.000000000000000000e+00
1.483499999999999819e-01 0.000000000000000000e+00 0.000000000000000000e+00
1.486500000000000044e-01 4.119880935262380060e-12 3.609682151323511248e-12
1.489499999999999713e-01 0.000000000000000000e+00 0.000000000000000000e+00
1.492499999999999938e-01 0.000000000000000000e+00 0.000000000000000000e+00
1.495499999999999885e-01 1.383722733211174799e-12 1.383722733211174799e-12
1.498499999999999832e-01 0.000000000000000000e+00 0.000000000000000000e+00
1.501500000000000057e-01 2.947575276884592435e-12 2.421358925120409991e-12
1.504499999999999726e-01 0.000000000000000000e+00 0.000000000000000000e+00
1.507499999999999951e-01 0.000000000000000000e+00 0.000000000000000000e+00
1.510499999999999621e-01 1.165931127551819781e-12 1.165931127551819983e-12
1.513499999999999845e-01 0.000000000000000000e+00 0.000000000000000000e+00
1.516500000000000070e-01 4.963689636272290239e-14 4.963689636272290239e-14
1.519499999999999740e-01 5.158367195443619343e-12 5.158367195443619343e-12
1.522499999999999964e-01 0.000000000000000000e+00 0.000000000000000000e+00
1.525499999999999634e-01 3.704074723102983837e-13 3.704074723102983837e-13
1.528499999999999859e-01 0.000000000000000000e+00 0.000000000000000000e+00
1.531500000000000083e-01 0.000000000000000000e+00 0.000000000000000000e+00
1.534499999999999753e-01 8.234092008942507682e-13 8.234092008942507682e-13
1.537499999999999978e-01 9.229094541150820200e-13 9.229094541150818180e-13
1.540499999999999647e-01 0.000000000000000000e+00 0.000000000000000000e+00
1.543499999999999872e-01 1.114412888246001545e-12 1.114412888246001545e-12
1.546500000000000097e-01 0.000000000000000000e+00 0.000000000000000000e+00
1.549499999999999766e-01 0.000000000000000000e+00 0.000000000000000000e+00
1.552499999999999991e-01 0.000000000000000000e+00 0.000000000000000000e+00
1.555499999999999661e-01 0.000000000000000000e+00 0.000000000000000000e+00
1.558499999999999885e-01 0.000000000000000000e+00 0.000000000000000000e+00
1.561500000000000110e-01 0.000000000000000000e+00 0.000000000000000000e+00
1.564499999999999780e-01 4.023470749091363553e-12 4.023470749091363553e-12
1.567500000000000004e-01 0.000000000000000000e+00 0.000000000000000000e+00
1.570499999999999674e-01 2.888014683515787452e-12 2.888014683515787452e-12
1.573499999999999899e-01 0.000000000000000000e+00 0.000000000000000000e+00
1.576499999999999846e-01 0.000000000000000000e+00 0.000000000000000000e+00
1.579499999999999793e-01 0.000000000000000000e+00 0.000000000000000000e+00
1.582500000000000018e-01 0.000000000000000000e+00 0.000000000000000000e+00
1.585499999999999687e-01 0.000000000000000000e+00 0.000000000000000000e+00
1.588499999999999912e-01 0.000000000000000000e+00 0.000000000000000000e+00
1.591499999999999859e-01 0.000000000000000000e+00 0.000000000000000000e+00
1.594499999999999806e-01 0.000000000000000000e+00 0.000000000000000000e+00
1.597500000000000031e-01 0.000000000000000000e+00 0.000000000000000000e+00
1.600499999999999701e-01 2.934256378091621050e-12 2.934256378091620646e-12
1.603499999999999925e-01 0.000000000000000000e+00 0.000000000000000000e+00
1.606499999999999873e-01 4.141048509776946828e-12 3.209667579345823779e-12
1.609499999999999820e-01 3.174136687475502599e-12 3.174136687475502599e-12
1.612500000000000044e-01 4.461975190856096297e-12 4.461975190856096297e-12
1.615499999999999714e-01 0.000000000000000000e+00 0.000000000000000000e+00
1.618499999999999939e-01 0.000000000000000000e+00 0.000000000000000000e+00
1.621499999999999608e-01 0.000000000000000000e+00 0.000000000000000000e+00
1.624499999999999833e-01 0.000000000000000000e+00 0.000000000000000000e+00
1.627500000000000058e-01 0.000000000000000000e+00 0.000000000000000000e+00
1.630499999999999727e-01 3.336882311975654266e-12 3.336882311975654266e-12
1.633499999999999952e-01 0.000000000000000000e+00 0.000000000000000000e+00
1.636499999999999622e-01 0.000000000000000000e+00 0.000000000000000000e+00
1.639499999999999846e-01 8.107628719889297027e-13 8.107628719889297027e-13
1.642500000000000071e-01 0.000000000000000000e+00 0.000000000000000000e+00
1.645499999999999741e-01 8.022345412989401549e-13 8.022345412989401549e-13
1.648499999999999965e-01 4.262212764302360265e-13 4.262212764302360265e-13
1.651499999999999635e-01 0.000000000000000000e+00 0.000000000000000000e+00
1.654499999999999860e-01 0.000000000000000000e+00 0.000000000000000000e+00
1.657500000000000084e-01 0.000000000000000000e+00 0.000000000000000000e+00
1.660499999999999754e-01 0.000000000000000000e+00 0.000000000000000000e+00
1.663499999999999979e-01 4.275819867831349262e-12 4.275819867831349262e-12
1.666499999999999648e-01 0.000000000000000000e+00 0.000000000000000000e+00
1.669499999999999873e-01 0.000000000000000000e+00 0.000000000000000000e+00
1.672500000000000098e-01 0.000000000000000000e+00 0.000000000000000000e+00
1.675499999999999767e-01 0.000000000000000000e+00 0.000000000000000000e+00
1.678499999999999992e-01 0.000000000000000000e+00 0.000000000000000000e+00
1.681499999999999662e-01 0.000000000000000000e+00 0.000000000000000000e+00
1.684499999999999886e-01 0.000000000000000000e+00 0.000000000000000000e+00
1.687499999999999833e-01 0.000000000000000000e+00 0.000000000000000000e+00
1.690499999999999781e-01 0.000000000000000000e+00 0.000000000000000000e+00
1.693500000000000005e-01 0.000000000000000000e+00 0.000000000000000000e+00
1.696499999999999675e-01 0.000000000000000000e+00 0.000000000000000000e+00
1.699499999999999900e-01 0.000000000000000000e+00 0.000000000000000000e+00
1.702499999999999847e-01 0.000000000000000000e+00 0.000000000000000000e+00
1.705499999999999794e-01 0.000000000000000000e+00 0.000000000000000000e+00
1.708500000000000019e-01 0.000000000000000000e+00 0.000000000000000000e+00
1.711499999999999688e-01 0.000000000000000000e+00 0.000000000000000000e+00
1.714499999999999913e-01 0.000000000000000000e+00 0.000000000000000000e+00
1.717499999999999860e-01 0.000000000000000000e+00 0.000000000000000000e+00
1.720499999999999807e-01 0.000000000000000000e+00 0.000000000000000000e+00
1.723500000000000032e-01 0.000000000000000000e+00 0.000000000000000000e+00
1.726499999999999702e-01 0.000000000000000000e+00 0.000000000000000000e+00
1.729499999999999926e-01 0.000000000000000000e+00 0.000000000000000000e+00
1.732499999999999873e-01 4.367574895975651754e-12 4.367574895975651754e-12
1.735499999999999821e-01 0.000000000000000000e+00 0.000000000000000000e+00
1.738500000000000045e-01 0.000000000000000000e+00 0.000000000000000000e+00
1.741499999999999715e-01 0.000000000000000000e+00 0.000000000000000000e+00
1.744499999999999940e-01 5.506501417086903925e-12 5.124995922051448612e-12
1.747499999999999609e-01 0.000000000000000000e+00 0.000000000000000000e+00
1.750499999999999834e-01 0.000000000000000000e+00 0.000000000000000000e+00
1.753500000000000059e-01 0.000000000000000000e+00 0.000000000000000000e+00
1.756499999999999728e-01 0.000000000000000000e+00 0.000000000000000000e+00
1.759499999999999953e-01 0.000000000000000000e+00 0.000000000000000000e+00
1.762499999999999623e-01 0.000000000000000000e+00 0.000000000000000000e+00
1.765499999999999847e-01 0.000000000000000000e+00 0.000000000000000000e+00
1.768500000000000072e-01 0.000000000000000000e+00 0.000000000000000000e+00
1.771499999999999742e-01 0.000000000000000000e+00 0.000000000000000000e+00
1.774499999999999966e-01 0.000000000000000000e+00 0.000000000000000000e+00
1.777499999999999636e-01 0.000000000000000000e+00 0.000000000000000000e+00
1.780499999999999861e-01 0.000000000000000000e+00 0.000000000000000000e+00
1.783500000000000085e-01 0.000000000000000000e+00 0.000000000000000000e+00
1.786499999999999755e-01 0.000000000000000000e+00 0.000000000000000000e+00
1.789499999999999980e-01 0.000000000000000000e+00 0.000000000000000000e+00
1.792499999999999649e-01 0.000000000000000000e+00 0.000000000000000000e+00
1.795499999999999874e-01 0.000000000000000000e+00 0.000000000000000000e+00
1.798499999999999821e-01 5.082408851773379603e-12 5.082408851773379603e-12
1.801499999999999768e-01 5.997922475545334135e-14 5.997922475545334135e-14
1.804499999999999993e-01 0.000000000000000000e+00 0.000000000000000000e+00
1.807499999999999662e-01 0.000000000000000000e+00 0.000000000000000000e+00
1.810499999999999887e-01 0.000000000000000000e+00 0.000000000000000000e+00
1.813499999999999834e-01 5.375599424876516138e-12 5.375599424876516138e-12
1.816499999999999782e-01 0.000000000000000000e+00 0.000000000000000000e+00
1.819500000000000006e-01 0.000000000000000000e+00 0.000000000000000000e+00
1.822499999999999676e-01 0.000000000000000000e+00 0.000000000000000000e+00
1.825499999999999901e-01 0.000000000000000000e+00 0.000000000000000000e+00
1.828499999999999848e-01 0.000000000000000000e+00 0.000000000000000000e+00
1.831499999999999795e-01 0.000000000000000000e+00 0.000000000000000000e+00
1.834500000000000020e-01 0.000000000000000000e+00 0.000000000000000000e+00
1.837499999999999689e-01 0.000000000000000000e+00 0.000000000000000000e+00
1.840499999999999914e-01 0.000000000000000000e+00 0.000000000000000000e+00
1.843499999999999861e-01 0.000000000000000000e+00 0.000000000000000000e+00
1.846499999999999808e-01 0.000000000000000000e+00 0.000000000000000000e+00
1.849500000000000033e-01 2.098637344273449740e-12 2.098637344273449740e-12
1.852499999999999702e-01 0.000000000000000000e+00 0.000000000000000000e+00
1.855499999999999927e-01 0.000000000000000000e+00 0.000000000000000000e+00
1.858499999999999597e-01 0.000000000000000000e+00 0.000000000000000000e+00
1.861499999999999821e-01 3.775177871043103649e-12 3.775177871043103649e-12
1.864500000000000046e-01 3.285124051408726505e-12 3.285124051408726102e-12
1.867499999999999716e-01 0.000000000000000000e+00 0.000000000000000000e+00
1.870499999999999940e-01 0.000000000000000000e+00 0.000000000000000000e+00
1.873499999999999610e-01 0.000000000000000000e+00 0.000000000000000000e+00
1.876499999999999835e-01 0.000000000000000000e+00 0.000000000000000000e+00
1.879500000000000060e-01 3.749041903944108872e-12 3.749041903944108872e-12
1.882499999999999729e-01 0.000000000000000000e+00 0.000000000000000000e+00
1.885499999999999954e-01 0.000000000000000000e+00 0.000000000000000000e+00
1.888499999999999623e-01 0.000000000000000000e+00 0.000000000000000000e+00
1.891499999999999848e-01 0.000000000000000000e+00 0.000000000000000000e+00
1.894500000000000073e-01 0.000000000000000000e+00 0.000000000000000000e+00
1.897499999999999742e-01 0.000000000000000000e+00 0.000000000000000000e+00
1.900499999999999967e-01 0.000000000000000000e+00 0.000000000000000000e+00
1.903499999999999637e-01 0.000000000000000000e+00 0.000000000000000000e+00
1.906499999999999861e-01 0.000000000000000000e+00 0.000000000000000000e+00
1.909499999999999809e-01 0.000000000000000000e+00 0.000000000000000000e+00
1.912499999999999756e-01 0.000000000000000000e+00 0.000000000000000000e+00
1.915499999999999980e-01 0.000000000000000000e+00 0.000000000000000000e+00
1.918499999999999650e-01 0.000000000000000000e+00 0.000000000000000000e+00
1.921499999999999875e-01 0.000000000000000000e+00 0.000000000000000000e+00
1.924499999999999822e-01 0.000000000000000000e+00 0.000000000000000000e+00
1.927499999999999769e-01 0.000000000000000000e+00 0.000000000000000000e+00
1.930499999999999994e-01 0.000000000000000000e+00 0.000000000000000000e+00
1.933499999999999663e-01 0.000000000000000000e+00 0.000000000000000000e+00
1.936499999999999888e-01 0.000000000000000000e+00 0.000000000000000000e+00
1.939499999999999835e-01 0.000000000000000000e+00 0.000000000000000000e+00
1.942499999999999782e-01 0.000000000000000000e+00 0.000000000000000000e+00
1.945500000000000007e-01 0.000000000000000000e+00 0.000000000000000000e+00
1.948499999999999677e-01 0.000000000000000000e+00 0.000000000000000000e+00
1.951499999999999901e-01 0.000000000000000000e+00 0.000000000000000000e+00
1.954499999999999849e-01 0.000000000000000000e+00 0.000000000000000000e+00
1.957499999999999796e-01 0.000000000000000000e+00 0.000000000000000000e+00
1.960500000000000020e-01 0.000000000000000000e+00 0.000000000000000000e+00
1.963499999999999690e-01 0.000000000000000000e+00 0.000000000000000000e+00
1.966499999999999915e-01 0.000000000000000000e+00 0.000000000000000000e+00
1.969499999999999584e-01 0.000000000000000000e+00 0.000000000000000000e+00
1.972499999999999809e-01 0.000000000000000000e+00 0.000000000000000000e+00
1.975500000000000034e-01 0.000000000000000000e+00 0.000000000000000000e+00
1.978499999999999703e-01 4.207074021650564013e-12 4.207074021650563206e-12
1.981499999999999928e-01 0.000000000000000000e+00 0.000000000000000000e+00
1.984499999999999598e-01 0.000000000000000000e+00 0.000000000000000000e+00
1.987499999999999822e-01 0.000000000000000000e+00 0.000000000000000000e+00
1.990500000000000047e-01 0.000000000000000000e+00 0.000000000000000000e+00
1.993499999999999717e-01 0.000000000000000000e+00 0.000000000000000000e+00
1.996499999999999941e-01 0.000000000000000000e+00 0.000000000000000000e+00
1.999499999999999611e-01 0.000000000000000000e+00 0.000000000000000000e+00
2.002499999999999836e-01 4.449828696374100324e-13 4.449828696374100324e-13
2.005500000000000060e-01 0.000000000000000000e+00 0.000000000000000000e+00
2.008499999999999730e-01 0.000000000000000000e+00 0.000000000000000000e+00
2.011499999999999955e-01 0.000000000000000000e+00 0.000000000000000000e+00
2.014499999999999624e-01 0.000000000000000000e+00 0.000000000000000000e+00
2.017499999999999849e-01 0.000000000000000000e+00 0.000000000000000000e+00
2.020500000000000074e-01 0.000000000000000000e+00 0.000000000000000000e+00
2.023499999999999743e-01 0.000000000000000000e+00 0.000000000000000000e+00
2.026499999999999968e-01 0.000000000000000000e+00 0.000000000000000000e+00
2.029499999999999638e-01 0.000000000000000000e+00 0.000000000000000000e+00
2.032499999999999862e-01 0.000000000000000000e+00 0.000000000000000000e+00
2.035499999999999809e-01 0.000000000000000000e+00 0.000000000000000000e+00
2.038499999999999757e-01 0.000000000000000000e+00 0.000000000000000000e+00
2.041499999999999981e-01 0.000000000000000000e+00 0.000000000000000000e+00
2.044499999999999651e-01 0.000000000000000000e+00 0.000000000000000000e+00
2.047499999999999876e-01 0.000000000000000000e+00 0.000000000000000000e+00
2.050499999999999823e-01 0.000000000000000000e+00 0.000000000000000000e+00
2.053499999999999770e-01 0.000000000000000000e+00 0.000000000000000000e+00
2.056499999999999995e-01 0.000000000000000000e+00 0.000000000000000000e+00
2.059499999999999664e-01 0.000000000000000000e+00 0.000000000000000000e+00
2.062499999999999889e-01 0.000000000000000000e+00 0.000000000000000000e+00
2.065499999999999836e-01 0.000000000000000000e+00 0.000000000000000000e+00
2.068499999999999783e-01 0.000000000000000000e+00 0.000000000000000000e+00
2.071500000000000008e-01 0.000000000000000000e+00 0.000000000000000000e+00
2.074499999999999678e-01 3.248213142095901658e-12 3.248213142095901658e-12
2.077499999999999902e-01 0.000000000000000000e+00 0.000000000000000000e+00
2.080499999999999572e-01 0.000000000000000000e+00 0.000000000000000000e+00
2.083499999999999797e-01 0.000000000000000000e+00 0.000000000000000000e+00
2.086500000000000021e-01 0.000000000000000000e+00 0.000000000000000000e+00
2.089499999999999691e-01 0.000000000000000000e+00 0.000000000000000000e+00
2.092499999999999916e-01 0.000000000000000000e+00 0.000000000000000000e+00
2.095499999999999585e-01 0.000000000000000000e+00 0.000000000000000000e+00
2.098499999999999810e-01 0.000000000000000000e+00 0.000000000000000000e+00
2.101500000000000035e-01 0.000000000000000000e+00 0.000000000000000000e+00
2.104499999999999704e-01 0.000000000000000000e+00 0.000000000000000000e+00
2.107499999999999929e-01 0.000000000000000000e+00 0.000000000000000000e+00
2.110499999999999599e-01 0.000000000000000000e+00 0.000000000000000000e+00
2.113499999999999823e-01 0.000000000000000000e+00 0.000000000000000000e+00
2.116500000000000048e-01 0.000000000000000000e+00 0.000000000000000000e+00
2.119499999999999718e-01 0.000000000000000000e+00 0.000000000000000000e+00
2.122499999999999942e-01 0.000000000000000000e+00 0.000000000000000000e+00
2.125499999999999612e-01 0.000000000000000000e+00 0.000000000000000000e+00
2.128499999999999837e-01 0.000000000000000000e+00 0.000000000000000000e+00
2.131500000000000061e-01 0.000000000000000000e+00 0.000000000000000000e+00
2.134499999999999731e-01 0.000000000000000000e+00 0.000000000000000000e+00
2.137499999999999956e-01 0.000000000000000000e+00 0.000000000000000000e+00
2.140499999999999625e-01 0.000000000000000000e+00 0.000000000000000000e+00
2.143499999999999850e-01 0.000000000000000000e+00 0.000000000000000000e+00
2.146499999999999797e-01 0.000000000000000000e+00 0.000000000000000000e+00
2.149499999999999744e-01 0.000000000000000000e+00 0.000000000000000000e+00
2.152499999999999969e-01 0.000000000000000000e+00 0.000000000000000000e+00
2.155499999999999639e-01 0.000000000000000000e+00 0.000000000000000000e+00
2.158499999999999863e-01 0.000000000000000000e+00 0.000000000000000000e+00
2.161499999999999810e-01 0.000000000000000000e+00 0.000000000000000000e+00
2.164499999999999758e-01 0.000000000000000000e+00 0.000000000000000000e+00
2.167499999999999982e-01 0.000000000000000000e+00 0.000000000000000000e+00
2.170499999999999652e-01 0.000000000000000000e+00 0.000000000000000000e+00
2.173499999999999877e-01 0.000000000000000000e+00 0.000000000000000000e+00
2.176499999999999824e-01 0.000000000000000000e+00 0.000000000000000000e+00
2.179499999999999771e-01 0.000000000000000000e+00 0.000000000000000000e+00
2.182499999999999996e-01 0.000000000000000000e+00 0.000000000000000000e+00
2.185499999999999665e-01 0.000000000000000000e+00 0.000000000000000000e+00
2.188499999999999890e-01 0.000000000000000000e+00 0.000000000000000000e+00
2.191499999999999559e-01 0.000000000000000000e+00 0.000000000000000000e+00
2.194499999999999784e-01 0.000000000000000000e+00 0.000000000000000000e+00
2.197500000000000009e-01 2.220227663013185584e-12 2.220227663013185584e-12
2.200499999999999678e-01 0.000000000000000000e+00 0.000000000000000000e+00
2.203499999999999903e-01 0.000000000000000000e+00 0.000000000000000000e+00
2.206499999999999573e-01 0.000000000000000000e+00 0.000000000000000000e+00
2.209499999999999797e-01 0.000000000000000000e+00 0.000000000000000000e+00
2.212500000000000022e-01 0.000000000000000000e+00 0.000000000000000000e+00
2.215499999999999692e-01 0.000000000000000000e+00 0.000000000000000000e+00
2.218499999999999917e-01 0.000000000000000000e+00 0.000000000000000000e+00
2.221499999999999586e-01 0.000000000000000000e+00 0.000000000000000000e+00
2.224499999999999811e-01 0.000000000000000000e+00 0.000000000000000000e+00
2.227500000000000036e-01 0.000000000000000000e+00 0.000000000000000000e+00
2.230499999999999705e-01 0.000000000000000000e+00 0.000000000000000000e+00
2.233499999999999930e-01 0.000000000000000000e+00 0.000000000000000000e+00
2.236499999999999599e-01 0.000000000000000000e+00 0.000000000000000000e+00
2.239499999999999824e-01 0.000000000000000000e+00 0.000000000000000000e+00
2.242500000000000049e-01 0.000000000000000000e+00 0.000000000000000000e+00
2.245499999999999718e-01 0.000000000000000000e+00 0.000000000000000000e+00
2.248499999999999943e-01 0.000000000000000000e+00 0.000000000000000000e+00
2.251499999999999613e-01 0.000000000000000000e+00 0.000000000000000000e+00
2.254499999999999837e-01 0.000000000000000000e+00 0.000000000000000000e+00
2.257499999999999785e-01 0.000000000000000000e+00 0.000000000000000000e+00
2.260499999999999732e-01 0.000000000000000000e+00 0.000000000000000000e+00
2.263499999999999956e-01 0.000000000000000000e+00 0.000000000000000000e+00
2.266499999999999626e-01 0.000000000000000000e+00 0.000000000000000000e+00
2.269499999999999851e-01 0.000000000000000000e+00 0.000000000000000000e+00
2.272499999999999798e-01 0.000000000000000000e+00 0.000000000000000000e+00
2.275499999999999745e-01 0.000000000000000000e+00 0.000000000000000000e+00
2.278499999999999970e-01 0.000000000000000000e+00 0.000000000000000000e+00
2.281499999999999639e-01 0.000000000000000000e+00 0.000000000000000000e+00
2.284499999999999864e-01 0.000000000000000000e+00 0.000000000000000000e+00
2.287499999999999811e-01 0.000000000000000000e+00 0.000000000000000000e+00
2.290499999999999758e-01 0.000000000000000000e+00 0.000000000000000000e+00
2.293499999999999983e-01 0.000000000000000000e+00 0.000000000000000000e+00
2.296499999999999653e-01 0.000000000000000000e+00 0.000000000000000000e+00
2.299499999999999877e-01 0.000000000000000000e+00 0.000000000000000000e+00
2.302499999999999825e-01 0.000000000000000000e+00 0.000000000000000000e+00
2.305499999999999772e-01 0.000000000000000000e+00 0.000000000000000000e+00
2.308499999999999996e-01 0.000000000000000000e+00 0.000000000000000000e+00
2.311499999999999666e-01 0.000000000000000000e+00 0.000000000000000000e+00
2.314499999999999891e-01 0.000000000000000000e+00 0.000000000000000000e+00
2.317499999999999560e-01 0.000000000000000000e+00 0.000000000000000000e+00
2.320499999999999785e-01 0.000000000000000000e+00 0.000000000000000000e+00
2.323500000000000010e-01 0.000000000000000000e+00 0.000000000000000000e+00
2.326499999999999679e-01 0.000000000000000000e+00 0.000000000000000000e+00
2.329499999999999904e-01 0.000000000000000000e+00 0.000000000000000000e+00
2.332499999999999574e-01 0.000000000000000000e+00 0.000000000000000000e+00
2.335499999999999798e-01 0.000000000000000000e+00 0.000000000000000000e+00
2.338500000000000023e-01 0.000000000000000000e+00 0.000000000000000000e+00
2.341499999999999693e-01 0.000000000000000000e+00 0.000000000000000000e+00
2.344499999999999917e-01 0.000000000000000000e+00 0.000000000000000000e+00
2.347499999999999587e-01 0.000000000000000000e+00 0.000000000000000000e+00
2.350499999999999812e-01 0.000000000000000000e+00 0.000000000000000000e+00
2.353500000000000036e-01 0.000000000000000000e+00 0.000000000000000000e+00
2.356499999999999706e-01 0.000000000000000000e+00 0.000000000000000000e+00
2.359499999999999931e-01 0.000000000000000000e+00 0.000000000000000000e+00
2.362499999999999600e-01 0.000000000000000000e+00 0.000000000000000000e+00
2.365499999999999825e-01 0.000000000000000000e+00 0.000000000000000000e+00
2.368499999999999772e-01 0.000000000000000000e+00 0.000000000000000000e+00
2.371499999999999719e-01 0.000000000000000000e+00 0.000000000000000000e+00
2.374499999999999944e-01 0.000000000000000000e+00 0.000000000000000000e+00
2.377499999999999614e-01 0.000000000000000000e+00 0.000000000000000000e+00
2.380499999999999838e-01 0.000000000000000000e+00 0.000000000000000000e+00
2.383499999999999786e-01 0.000000000000000000e+00 0.000000000000000000e+00
2.386499999999999733e-01 0.000000000000000000e+00 0.000000000000000000e+00
2.389499999999999957e-01 0.000000000000000000e+00 0.000000000000000000e+00
2.392499999999999627e-01 0.000000000000000000e+00 0.000000000000000000e+00
2.395499999999999852e-01 0.000000000000000000e+00 0.000000000000000000e+00
2.398499999999999799e-01 0.000000000000000000e+00 0.000000000000000000e+00
2.401499999999999746e-01 0.000000000000000000e+00 0.000000000000000000e+00
2.404499999999999971e-01 0.000000000000000000e+00 0.000000000000000000e+00
2.407499999999999640e-01 0.000000000000000000e+00 0.000000000000000000e+00
2.410499999999999865e-01 0.000000000000000000e+00 0.000000000000000000e+00
2.413499999999999812e-01 0.000000000000000000e+00 0.000000000000000000e+00
2.416499999999999759e-01 0.000000000000000000e+00 0.000000000000000000e+00
2.419499999999999984e-01 0.000000000000000000e+00 0.000000000000000000e+00
2.422499999999999654e-01 0.000000000000000000e+00 0.000000000000000000e+00
2.425499999999999878e-01 0.000000000000000000e+00 0.000000000000000000e+00
2.428499999999999548e-01 0.000000000000000000e+00 0.000000000000000000e+00
2.431499999999999773e-01 0.000000000000000000e+00 0.000000000000000000e+00
2.434499999999999997e-01 0.000000000000000000e+00 0.000000000000000000e+00
2.437499999999999667e-01 0.000000000000000000e+00 0.000000000000000000e+00
2.440499999999999892e-01 0.000000000000000000e+00 0.000000000000000000e+00
2.443499999999999561e-01 0.000000000000000000e+00 0.000000000000000000e+00
2.446499999999999786e-01 0.000000000000000000e+00 0.000000000000000000e+00
2.449500000000000011e-01 0.000000000000000000e+00 0.000000000000000000e+00
2.452499999999999680e-01 0.000000000000000000e+00 0.000000000000000000e+00
2.455499999999999905e-01 0.000000000000000000e+00 0.000000000000000000e+00
2.458499999999999575e-01 0.000000000000000000e+00 0.000000000000000000e+00
2.461499999999999799e-01 0.000000000000000000e+00 0.000000000000000000e+00
2.464500000000000024e-01 0.000000000000000000e+00 0.000000000000000000e+00
2.467499999999999694e-01 0.000000000000000000e+00 0.000000000000000000e+00
2.470499999999999918e-01 0.000000000000000000e+00 0.000000000000000000e+00
2.473499999999999588e-01 0.000000000000000000e+00 0.000000000000000000e+00
2.476499999999999813e-01 0.000000000000000000e+00 0.000000000000000000e+00
2.479499999999999760e-01 0.000000000000000000e+00 0.000000000000000000e+00
2.482499999999999707e-01 0.000000000000000000e+00 0.000000000000000000e+00
2.485499999999999932e-01 0.000000000000000000e+00 0.000000000000000000e+00
2.488499999999999601e-01 0.000000000000000000e+00 0.000000000000000000e+00
2.491499999999999826e-01 0.000000000000000000e+00 0.000000000000000000e+00
2.494499999999999773e-01 0.000000000000000000e+00 0.000000000000000000e+00
2.497499999999999720e-01 0.000000000000000000e+00 0.000000000000000000e+00
2.500499999999999945e-01 0.000000000000000000e+00 0.000000000000000000e+00
2.503499999999999615e-01 0.000000000000000000e+00 0.000000000000000000e+00
2.506499999999999839e-01 0.000000000000000000e+00 0.000000000000000000e+00
2.509500000000000064e-01 0.000000000000000000e+00 0.000000000000000000e+00
2.512499999999999734e-01 0.000000000000000000e+00 0.000000000000000000e+00
2.515499999999999403e-01 0.000000000000000000e+00 0.000000000000000000e+00
2.518500000000000183e-01 0.000000000000000000e+00 0.000000000000000000e+00
2.521499999999999853e-01 0.000000000000000000e+00 0.000000000000000000e+00
2.524499999999999522e-01 0.000000000000000000e+00 0.000000000000000000e+00
2.527499999999999747e-01 0.000000000000000000e+00 0.000000000000000000e+00
2.530499999999999972e-01 0.000000000000000000e+00 0.000000000000000000e+00
2.533499999999999641e-01 0.000000000000000000e+00 0.000000000000000000e+00
2.536499999999999866e-01 0.000000000000000000e+00 0.000000000000000000e+00
2.539500000000000091e-01 0.000000000000000000e+00 0.000000000000000000e+00
2.542499999999999760e-01 0.000000000000000000e+00 0.000000000000000000e+00
2.545499999999999430e-01 0.000000000000000000e+00 0.000000000000000000e+00
2.548500000000000210e-01 0.000000000000000000e+00 0.000000000000000000e+00
2.551499999999999879e-01 0.000000000000000000e+00 0.000000000000000000e+00
2.554499999999999549e-01 0.000000000000000000e+00 0.000000000000000000e+00
2.557499999999999774e-01 0.000000000000000000e+00 0.000000000000000000e+00
2.560499999999999998e-01 0.000000000000000000e+00 0.000000000000000000e+00
2.563499999999999668e-01 0.000000000000000000e+00 0.000000000000000000e+00
2.566499999999999337e-01 0.000000000000000000e+00 0.000000000000000000e+00
2.569500000000000117e-01 0.000000000000000000e+00 0.000000000000000000e+00
2.572499999999999787e-01 0.000000000000000000e+00 0.000000000000000000e+00
2.575499999999999456e-01 0.000000000000000000e+00 0.000000000000000000e+00
2.578499999999999681e-01 0.000000000000000000e+00 0.000000000000000000e+00
2.581499999999999906e-01 0.000000000000000000e+00 0.000000000000000000e+00
2.584499999999999575e-01 0.000000000000000000e+00 0.000000000000000000e+00
2.587499999999999800e-01 0.000000000000000000e+00 0.000000000000000000e+00
2.590500000000000025e-01 0.000000000000000000e+00 0.000000000000000000e+00
2.593499999999999694e-01 0.000000000000000000e+00 0.000000000000000000e+00
2.596499999999999364e-01 0.000000000000000000e+00 0.000000000000000000e+00
2.599500000000000144e-01 0.000000000000000000e+00 0.000000000000000000e+00
2.602499999999999813e-01 0.000000000000000000e+00 0.000000000000000000e+00
2.605499999999999483e-01 0.000000000000000000e+00 0.000000000000000000e+00
2.608499999999999708e-01 0.000000000000000000e+00 0.000000000000000000e+00
2.611499999999999932e-01 0.000000000000000000e+00 0.000000000000000000e+00
2.614499999999999602e-01 0.000000000000000000e+00 0.000000000000000000e+00
2.617499999999999827e-01 0.000000000000000000e+00 0.000000000000000000e+00
2.620500000000000052e-01 0.000000000000000000e+00 0.000000000000000000e+00
2.623499999999999721e-01 0.000000000000000000e+00 0.000000000000000000e+00
2.626499999999999391e-01 0.000000000000000000e+00 0.000000000000000000e+00
2.629500000000000171e-01 0.000000000000000000e+00 0.000000000000000000e+00
2.632499999999999840e-01 0.000000000000000000e+00 0.000000000000000000e+00
2.635499999999999510e-01 0.000000000000000000e+00 0.000000000000000000e+00
2.638499999999999734e-01 0.000000000000000000e+00 0.000000000000000000e+00
2.641499999999999959e-01 0.000000000000000000e+00 0.000000000000000000e+00
2.644499999999999629e-01 0.000000000000000000e+00 0.000000000000000000e+00
2.647499999999999853e-01 0.000000000000000000e+00 0.000000000000000000e+00
2.650500000000000078e-01 0.000000000000000000e+00 0.000000000000000000e+00
2.653499999999999748e-01 0.000000000000000000e+00 0.000000000000000000e+00
2.656499999999999417e-01 0.000000000000000000e+00 0.000000000000000000e+00
2.659500000000000197e-01 0.000000000000000000e+00 0.000000000000000000e+00
2.662499999999999867e-01 0.000000000000000000e+00 0.000000000000000000e+00
2.665499999999999536e-01 0.000000000000000000e+00 0.000000000000000000e+00
2.668499999999999761e-01 0.000000000000000000e+00 0.000000000000000000e+00
2.671499999999999986e-01 0.000000000000000000e+00 0.000000000000000000e+00
2.674499999999999655e-01 0.000000000000000000e+00 0.000000000000000000e+00
2.677499999999999325e-01 0.000000000000000000e+00 0.000000000000000000e+00
2.680500000000000105e-01 0.000000000000000000e+00 0.000000000000000000e+00
2.683499999999999774e-01 0.000000000000000000e+00 0.000000000000000000e+00
2.686499999999999444e-01 0.000000000000000000e+00 0.000000000000000000e+00
2.689499999999999669e-01 0.000000000000000000e+00 0.000000000000000000e+00
2.692499999999999893e-01 0.000000000000000000e+00 0.000000000000000000e+00
2.695499999999999563e-01 0.000000000000000000e+00 0.000000000000000000e+00
2.698499999999999788e-01 0.000000000000000000e+00 0.000000000000000000e+00
2.701500000000000012e-01 0.000000000000000000e+00 0.000000000000000000e+00
2.704499999999999682e-01 0.000000000000000000e+00 0.000000000000000000e+00
2.707499999999999352e-01 0.000000000000000000e+00 0.000000000000000000e+00
2.710500000000000131e-01 0.000000000000000000e+00 0.000000000000000000e+00
2.713499999999999801e-01 0.000000000000000000e+00 0.000000000000000000e+00
2.716499999999999471e-01 0.000000000000000000e+00 0.000000000000000000e+00
2.719499999999999695e-01 0.000000000000000000e+00 0.000000000000000000e+00
2.722499999999999920e-01 0.000000000000000000e+00 0.000000000000000000e+00
2.725499999999999590e-01 0.000000000000000000e+00 0.000000000000000000e+00
2.728499999999999814e-01 0.000000000000000000e+00 0.000000000000000000e+00
2.731500000000000039e-01 0.000000000000000000e+00 0.000000000000000000e+00
2.734499999999999709e-01 0.000000000000000000e+00 0.000000000000000000e+00
2.737499999999999378e-01 0.000000000000000000e+00 0.000000000000000000e+00
2.740500000000000158e-01 0.000000000000000000e+00 0.000000000000000000e+00
2.743499999999999828e-01 0.000000000000000000e+00 0.000000000000000000e+00
2.746499999999999497e-01 0.000000000000000000e+00 0.000000000000000000e+00
2.749499999999999722e-01 0.000000000000000000e+00 0.000000000000000000e+00
2.752499999999999947e-01 0.000000000000000000e+00 0.000000000000000000e+00
2.755499999999999616e-01 0.000000000000000000e+00 0.000000000000000000e+00
2.758499999999999841e-01 0.000000000000000000e+00 0.000000000000000000e+00
2.761500000000000066e-01 0.000000000000000000e+00 0.000000000000000000e+00
2.764499999999999735e-01 0.000000000000000000e+00 0.000000000000000000e+00
2.767499999999999405e-01 0.000000000000000000e+00 0.000000000000000000e+00
2.770500000000000185e-01 0.000000000000000000e+00 0.000000000000000000e+00
2.773499999999999854e-01 0.000000000000000000e+00 0.000000000000000000e+00
2.776499999999999524e-01 0.000000000000000000e+00 0.000000000000000000e+00
2.779499999999999749e-01 0.000000000000000000e+00 0.000000000000000000e+00
2.782499999999999973e-01 0.000000000000000000e+00 0.000000000000000000e+00
2.785499999999999643e-01 0.000000000000000000e+00 0.000000000000000000e+00
2.788499999999999868e-01 0.000000000000000000e+00 0.000000000000000000e+00
2.791500000000000092e-01 0.000000000000000000e+00 0.000000000000000000e+00
2.794499999999999762e-01 0.000000000000000000e+00 0.000000000000000000e+00
2.797499999999999432e-01 0.000000000000000000e+00 0.000000000000000000e+00
2.800499999999999656e-01 0.000000000000000000e+00 0.000000000000000000e+00
2.803499999999999881e-01 0.000000000000000000e+00 0.000000000000000000e+00
2.806499999999999551e-01 0.000000000000000000e+00 0.000000000000000000e+00
2.809499999999999775e-01 0.000000000000000000e+00 0.000000000000000000e+00
2.812500000000000000e-01 0.000000000000000000e+00 0.000000000000000000e+00
2.815499999999999670e-01 0.000000000000000000e+00 0.000000000000000000e+00
2.818499999999999339e-01 0.000000000000000000e+00 0.000000000000000000e+00
2.821500000000000119e-01 0.000000000000000000e+00 0.000000000000000000e+00
2.824499999999999789e-01 0.000000000000000000e+00 0.000000000000000000e+00
2.827499999999999458e-01 0.000000000000000000e+00 0.000000000000000000e+00
2.830499999999999683e-01 0.000000000000000000e+00 0.000000000000000000e+00
2.833499999999999908e-01 0.000000000000000000e+00 0.000000000000000000e+00
2.836499999999999577e-01 0.000000000000000000e+00 0.000000000000000000e+00
2.839499999999999802e-01 0.000000000000000000e+00 0.000000000000000000e+00
2.842500000000000027e-01 0.000000000000000000e+00 0.000000000000000000e+00
2.845499999999999696e-01 0.000000000000000000e+00 0.000000000000000000e+00
2.848499999999999366e-01 0.000000000000000000e+00 0.000000000000000000e+00
2.851500000000000146e-01 0.000000000000000000e+00 0.000000000000000000e+00
2.854499999999999815e-01 0.000000000000000000e+00 0.000000000000000000e+00
2.857499999999999485e-01 0.000000000000000000e+00 0.000000000000000000e+00
2.860499999999999710e-01 0.000000000000000000e+00 0.000000000000000000e+00
2.863499999999999934e-01 0.000000000000000000e+00 0.000000000000000000e+00
2.866499999999999604e-01 0.000000000000000000e+00 0.000000000000000000e+00
2.869499999999999829e-01 0.000000000000000000e+00 0.000000000000000000e+00
2.872500000000000053e-01 0.000000000000000000e+00 0.000000000000000000e+00
2.875499999999999723e-01 0.000000000000000000e+00 0.000000000000000000e+00
2.878499999999999392e-01 0.000000000000000000e+00 0.000000000000000000e+00
2.881500000000000172e-01 0.000000000000000000e+00 0.000000000000000000e+00
2.884499999999999842e-01 0.000000000000000000e+00 0.000000000000000000e+00
2.887499999999999512e-01 0.000000000000000000e+00 0.000000000000000000e+00
2.890499999999999736e-01 0.000000000000000000e+00 0.000000000000000000e+00
2.893499999999999961e-01 0.000000000000000000e+00 0.000000000000000000e+00
2.896499999999999631e-01 0.000000000000000000e+00 0.000000000000000000e+00
2.899499999999999855e-01 0.000000000000000000e+00 0.000000000000000000e+00
2.902500000000000080e-01 0.000000000000000000e+00 0.000000000000000000e+00
2.905499999999999750e-01 0.000000000000000000e+00 0.000000000000000000e+00
2.908499999999999419e-01 0.000000000000000000e+00 0.000000000000000000e+00
2.911499999999999644e-01 0.000000000000000000e+00 0.000000000000000000e+00
2.914499999999999869e-01 0.000000000000000000e+00 0.000000000000000000e+00
2.917499999999999538e-01 0.000000000000000000e+00 0.000000000000000000e+00
2.920499999999999763e-01 0.000000000000000000e+00 0.000000000000000000e+00
2.923499999999999988e-01 0.000000000000000000e+00 0.000000000000000000e+00
2.926499999999999657e-01 0.000000000000000000e+00 0.000000000000000000e+00
2.929499999999999327e-01 0.000000000000000000e+00 0.000000000000000000e+00
2.932500000000000107e-01 0.000000000000000000e+00 0.000000000000000000e+00
2.935499999999999776e-01 0.000000000000000000e+00 0.000000000000000000e+00
2.938499999999999446e-01 0.000000000000000000e+00 0.000000000000000000e+00
2.941499999999999670e-01 0.000000000000000000e+00 0.000000000000000000e+00
2.944499999999999895e-01 0.000000000000000000e+00 0.000000000000000000e+00
2.947499999999999565e-01 0.000000000000000000e+00 0.000000000000000000e+00
2.950499999999999790e-01 0.000000000000000000e+00 0.000000000000000000e+00
2.953500000000000014e-01 0.000000000000000000e+00 0.000000000000000000e+00
2.956499999999999684e-01 0.000000000000000000e+00 0.000000000000000000e+00
2.959499999999999353e-01 0.000000000000000000e+00 0.000000000000000000e+00
2.962500000000000133e-01 0.000000000000000000e+00 0.000000000000000000e+00
2.965499999999999803e-01 0.000000000000000000e+00 0.000000000000000000e+00
2.968499999999999472e-01 0.000000000000000000e+00 0.000000000000000000e+00
2.971499999999999697e-01 0.000000000000000000e+00 0.000000000000000000e+00
2.974499999999999922e-01 0.000000000000000000e+00 0.000000000000000000e+00
2.977499999999999591e-01 0.000000000000000000e+00 0.000000000000000000e+00
2.980499999999999816e-01 0.000000000000000000e+00 0.000000000000000000e+00
2.983500000000000041e-01 0.000000000000000000e+00 0.000000000000000000e+00
2.986499999999999710e-01 0.000000000000000000e+00 0.000000000000000000e+00
2.989499999999999380e-01 0.000000000000000000e+00 0.000000000000000000e+00
2.992500000000000160e-01 0.000000000000000000e+00 0.000000000000000000e+00
2.995499999999999829e-01 0.000000000000000000e+00 0.000000000000000000e+00
2.998499999999999499e-01 0.000000000000000000e+00 0.000000000000000000e+00
