1.499999999999999869e-04 -1.010789998798637305e-04 3.377207465017051104e-06
4.499999999999999877e-04 -1.144831180173989216e-04 3.901794467907650018e-06
7.500000000000000156e-04 -1.233848393719128597e-04 2.472900346816867410e-06
1.049999999999999935e-03 -1.236858304118186873e-04 3.421964758713086835e-06
1.349999999999999855e-03 -1.203879819008778505e-04 3.878779908145851019e-06
1.649999999999999991e-03 -1.310872874196228246e-04 6.259327192191049874e-06
1.949999999999999910e-03 -1.297885228596036067e-04 3.895131522728114585e-06
2.249999999999999830e-03 -1.303893125117965934e-04 3.343601840607817245e-06
2.549999999999999750e-03 -1.342901935687564453e-04 4.221448028452868798e-06
2.849999999999999669e-03 -1.385901402736357106e-04 3.033592525829687349e-06
3.149999999999999589e-03 -1.299912549274558635e-04 3.172412632568358243e-06
3.449999999999999942e-03 -1.333912810704474450e-04 3.396349040887195022e-06
3.749999999999999861e-03 -1.325910673932508292e-04 3.399641826861141049e-06
4.049999999999999781e-03 -1.369917067729224582e-04 3.617415827350178037e-06
4.349999999999999700e-03 -1.364927000216880162e-04 4.074697189047424526e-06
4.649999999999999620e-03 -1.379919896244388342e-04 3.861048899870709633e-06
4.949999999999999539e-03 -1.373924391621360612e-04 3.636644947693646011e-06
5.249999999999999459e-03 -1.402918528370621629e-04 4.046793641953388165e-06
5.549999999999999378e-03 -1.349929471093468526e-04 4.905406315436972237e-06
5.849999999999999298e-03 -1.423926674742859405e-04 3.225331013264934130e-06
6.149999999999999217e-03 -1.358930917696400047e-04 3.519322570170649024e-06
6.449999999999999137e-03 -1.383934704325218775e-04 2.445868492761318513e-06
6.749999999999999056e-03 -1.394930804819827599e-04 3.263278008989205319e-06
7.049999999999998976e-03 -1.459936215651286544e-04 3.577432239822597736e-06
7.349999999999999763e-03 -1.440931248749329624e-04 2.810377239203414473e-06
7.649999999999999682e-03 -1.418938418706485838e-04 2.922666726752588972e-06
7.949999999999998734e-03 -1.406938382958561828e-04 4.044248795348084209e-06
8.250000000000000389e-03 -1.379938093477176616e-04 4.356228553489443196e-06
8.549999999999998573e-03 -1.459937681279515676e-04 3.395981448296783627e-06
8.850000000000000228e-03 -1.402943812673279936e-04 3.605616851927478288e-06
9.149999999999998412e-03 -1.444939230050987439e-04 3.033949234563339121e-06
9.450000000000000067e-03 -1.382945392098996183e-04 3.559015576961472500e-06
9.749999999999998251e-03 -1.441948827845151884e-04 3.355789738377425557e-06
1.004999999999999991e-02 -1.423945006981141605e-04 4.163806199409284616e-06
1.034999999999999809e-02 -1.485947961649673353e-04 3.642630173966037840e-06
1.064999999999999974e-02 -1.415946586385877475e-04 3.783536193335953349e-06
1.094999999999999793e-02 -1.377948516630987978e-04 3.220758006722544160e-06
1.124999999999999958e-02 -1.429948692639312013e-04 3.577593655659953670e-06
1.154999999999999777e-02 -1.403955906025854735e-04 2.741472957813616627e-06
1.184999999999999942e-02 -1.390951547497367834e-04 2.941652684836247282e-06
1.214999999999999761e-02 -1.444949313081504466e-04 4.494912285667585137e-06
1.244999999999999926e-02 -1.377953564643636059e-04 2.106947873162232237e-06
1.274999999999999745e-02 -1.460953760744684719e-04 2.941809586513124708e-06
1.304999999999999910e-02 -1.430956731845246560e-04 3.560342664719800339e-06
1.334999999999999729e-02 -1.441955505859307540e-04 5.080886281735522356e-06
1.364999999999999894e-02 -1.401951703527814369e-04 2.434922944228398603e-06
1.394999999999999712e-02 -1.352958024307059320e-04 3.069704042798222743e-06
1.424999999999999878e-02 -1.381957660649534166e-04 3.617099241608564965e-06
1.455000000000000043e-02 -1.375962106752307891e-04 2.929352746428528544e-06
1.484999999999999862e-02 -1.432959929110316224e-04 3.492862992809576785e-06
1.515000000000000027e-02 -1.412958511226563435e-04 5.136038812214274146e-06
1.544999999999999846e-02 -1.432958693624718932e-04 4.150081990300060973e-06
1.575000000000000011e-02 -1.377955360023723063e-04 3.722908684865061746e-06
1.604999999999999830e-02 -1.451957702137236458e-04 3.857918387917723608e-06
1.634999999999999648e-02 -1.422961007750112548e-04 3.336674652857081425e-06
1.664999999999999813e-02 -1.363964245647668609e-04 3.201332331544708491e-06
1.694999999999999979e-02 -1.396957308991994638e-04 4.459646610002763795e-06
1.724999999999999797e-02 -1.424956598069977991e-04 2.266998835337323850e-06
1.754999999999999616e-02 -1.479962316313537839e-04 3.768314589706934832e-06
1.784999999999999781e-02 -1.484963138446772390e-04 3.615502269968094729e-06
1.814999999999999947e-02 -1.481962230435310344e-04 2.627927145479047498e-06
1.844999999999999765e-02 -1.448963795223422537e-04 3.911371626050808986e-06
1.874999999999999584e-02 -1.443965156022431970e-04 3.455018549613745047e-06
1.904999999999999749e-02 -1.429955419936095886e-04 4.055008048077191494e-06
1.934999999999999915e-02 -1.411963254808042091e-04 5.691612474091508354e-06
1.965000000000000080e-02 -1.440965291128694554e-04 3.374489085121990691e-06
1.994999999999999898e-02 -1.417968528240597125e-04 2.807848975416717685e-06
2.024999999999999717e-02 -1.391965109402036800e-04 3.963081243861240282e-06
2.054999999999999882e-02 -1.398967918671383524e-04 3.925445840943250794e-06
2.085000000000000048e-02 -1.431965835087015105e-04 3.737900527429104071e-06
2.114999999999999866e-02 -1.449968917359819773e-04 3.717545722863603909e-06
2.144999999999999685e-02 -1.414967197839692593e-04 3.409934664914364145e-06
2.174999999999999850e-02 -1.404969351136553914e-04 4.570972718709288741e-06
2.205000000000000016e-02 -1.430965096175993952e-04 3.191901672824641649e-06
2.234999999999999834e-02 -1.405972136713500183e-04 4.300314950793802387e-06
2.264999999999999653e-02 -1.381971943002890252e-04 5.717127531126155280e-06
2.294999999999999818e-02 -1.473965813159793989e-04 5.024778916209024767e-06
2.324999999999999983e-02 -1.349969554797725789e-04 3.599173745798869529e-06
2.354999999999999802e-02 -1.448971484442649151e-04 3.600618077981561390e-06
2.384999999999999620e-02 -1.407970671579609014e-04 2.239922081067761247e-06
2.414999999999999786e-02 -1.450969557535003712e-04 3.928346071625115486e-06
2.444999999999999951e-02 -1.420971218522514251e-04 4.617285966068833232e-06
2.474999999999999770e-02 -1.384972115507634646e-04 3.841922295612183422e-06
2.504999999999999588e-02 -1.346974399512506162e-04 4.242633772829550133e-06
2.534999999999999754e-02 -7.119760513840252508e-05 2.807838902267840198e-06
2.564999999999999919e-02 -1.489763559346337545e-05 1.139514693998339390e-06
2.594999999999999737e-02 -1.869731226433536843e-05 1.909007341971280090e-06
2.624999999999999556e-02 -1.869707911673481818e-05 1.453100463388210652e-06
2.654999999999999721e-02 -1.849716827258159125e-05 1.175996224942846888e-06
2.684999999999999887e-02 -1.729748550855984593e-05 1.095749070089327105e-06
2.714999999999999705e-02 -1.629758508398301543e-05 1.105873965991409050e-06
2.744999999999999524e-02 -1.709739052207538012e-05 8.998637990039496376e-07
2.774999999999999689e-02 -1.709736661950285902e-05 1.766413477564541543e-06
2.804999999999999855e-02 -1.589760632724507186e-05 1.058657461088098924e-06
2.834999999999999673e-02 -1.389783126724432175e-05 8.747532062669219498e-07
2.864999999999999838e-02 -1.729751792725021809e-05 5.782504935202681980e-07
2.894999999999999657e-02 -1.629760468735621737e-05 1.183530970146615986e-06
2.924999999999999822e-02 -1.349796541786964491e-05 1.194764373990453433e-06
2.954999999999999988e-02 -1.269824017983339485e-05 9.432857210857165718e-07
2.984999999999999806e-02 -1.449783797830047714e-05 1.117881312425709756e-06
3.014999999999999625e-02 -1.619762607781370493e-05 1.435794643945837252e-06
3.044999999999999790e-02 -1.479764812788132612e-05 9.520010571230082132e-07
3.074999999999999956e-02 -1.419773946796861155e-05 7.858850966930223496e-07
3.104999999999999774e-02 -1.439787407324145363e-05 1.175558170975987260e-06
3.135000000000000286e-02 -1.389795012950412394e-05 1.456136425133407282e-06
3.164999999999999758e-02 -1.709750416630006678e-05 8.490337008096296678e-07
3.194999999999999230e-02 -1.399795537499767328e-05 1.679704305512419396e-06
3.225000000000000089e-02 -1.329818076103813849e-05 1.105844541127403036e-06
3.254999999999999560e-02 -1.029848734915943141e-05 9.892187792829992442e-07
3.284999999999999726e-02 -1.489769387702716882e-05 1.048106438718347919e-06
3.314999999999999891e-02 -1.509792116408688103e-05 1.951638402005740605e-06
3.344999999999999363e-02 -1.409789526567895390e-05 1.328541667495101685e-06
3.375000000000000222e-02 -1.479797164934927445e-05 1.412475749470995679e-06
3.404999999999999694e-02 -1.339806847023461359e-05 1.002024822345218168e-06
3.434999999999999165e-02 -1.129838792427009502e-05 1.247477732216922202e-06
3.465000000000000024e-02 -1.209830194780663904e-05 7.665859023562514645e-07
3.494999999999999496e-02 -1.259811342738706635e-05 8.458081462941084999e-07
3.524999999999999661e-02 -1.359799328075634987e-05 7.178909766425243843e-07
3.554999999999999827e-02 -1.169831933047484911e-05 1.174124100532150227e-06
3.584999999999999298e-02 -1.259816201129409691e-05 1.002041110029539580e-06
3.615000000000000158e-02 -1.319822115402344882e-05 9.403076496849182814e-07
3.644999999999999629e-02 -1.259804943763830454e-05 7.482200372849409712e-07
3.674999999999999101e-02 -1.129836994583990160e-05 1.460789376768160475e-06
3.704999999999999960e-02 -1.199840640187295216e-05 1.032642979975514949e-06
3.734999999999999432e-02 -9.898658104408988425e-06 1.099842942093627381e-06
3.764999999999999597e-02 -9.598741623590816493e-06 8.716708857023901108e-07
3.794999999999999762e-02 -1.289822536164119421e-05 1.099861073761604570e-06
3.824999999999999234e-02 -1.279817951576926097e-05 1.218200048026395034e-06
3.855000000000000093e-02 -1.209824432837382394e-05 1.642547912164477172e-06
3.884999999999999565e-02 -1.209825767470541184e-05 1.069131167139702140e-06
3.914999999999999730e-02 -9.798636421813029194e-06 5.332806454748781480e-07
3.944999999999999896e-02 -1.039850984702104822e-05 1.175523051186601024e-06
3.974999999999999367e-02 -1.239818591643764952e-05 1.097331546734288564e-06
4.005000000000000226e-02 -9.398666866741078640e-06 1.283869229798680049e-06
4.034999999999999698e-02 -1.279826196265017043e-05 1.133169505751225083e-06
4.064999999999999170e-02 -1.099839552467726370e-05 8.163582348754286005e-07
4.095000000000000029e-02 -1.119828712901876454e-05 5.332762409578993301e-07
4.124999999999999500e-02 -1.309807844284224758e-05 1.448587180867410301e-06
4.154999999999999666e-02 -1.119849459663504591e-05 1.190502413874972161e-06
4.184999999999999831e-02 -1.099834078181761955e-05 8.026751034631502660e-07
4.214999999999999303e-02 -1.199826278626432115e-05 9.773929112680426933e-07
4.245000000000000162e-02 -1.109839484425719546e-05 1.196612569025139165e-06
4.274999999999999634e-02 -1.219830782485005957e-05 1.339787871067259089e-06
4.304999999999999105e-02 -1.009853230387882033e-05 1.268681239321099229e-06
4.334999999999999964e-02 -1.199844478351101975e-05 1.943373340655790864e-06
4.364999999999999436e-02 -8.098910452631064835e-06 8.999217413457970086e-07
4.394999999999999601e-02 -8.298809476464839109e-06 8.697529627020827010e-07
4.424999999999999767e-02 -1.029858323594677047e-05 9.665183155252229263e-07
4.454999999999999238e-02 -9.798678310192716277e-06 1.062351009890884519e-06
4.485000000000000098e-02 -1.149844451022934242e-05 8.849343882937021161e-07
4.514999999999999569e-02 -9.498678130666357721e-06 6.539432209346726656e-07
4.544999999999999041e-02 -1.009852252703385595e-05 1.015822034237388362e-06
4.574999999999999900e-02 -8.798730263856847851e-06 1.062358881862431803e-06
4.604999999999999372e-02 -1.059846123956470749e-05 9.090840717821244243e-07
4.634999999999999537e-02 -8.398929774509338668e-06 1.431219432276823633e-06
4.664999999999999702e-02 -1.139833913226466461e-05 5.206335526721806685e-07
4.694999999999999174e-02 -1.019849189125186797e-05 8.665271738111267771e-07
4.725000000000000033e-02 -7.298996009804179161e-06 1.145366724581577341e-06
4.754999999999999505e-02 -9.298736346280141678e-06 8.949000302038337168e-07
4.784999999999998976e-02 -9.798774262766415862e-06 1.162253445419365454e-06
4.814999999999999836e-02 -9.598767144535979301e-06 9.682355056847336455e-07
4.844999999999999307e-02 -9.398606808536080613e-06 6.698871667958929774e-07
4.875000000000000167e-02 -1.079835671496428616e-05 6.287668221191747275e-07
4.904999999999999638e-02 -8.398820029275823231e-06 9.682334178597959231e-07
4.934999999999999110e-02 -8.698713404452807041e-06 1.125826514029967308e-06
4.964999999999999969e-02 -9.498621834854310866e-06 9.337757631472699363e-07
4.994999999999999440e-02 -1.009854158756345578e-05 6.740018930895253588e-07
5.024999999999999606e-02 -9.398627019403980472e-06 8.842924263167923323e-07
5.054999999999999771e-02 -9.898620802456772942e-06 7.369925664001825435e-07
5.084999999999999243e-02 -7.298999631618043469e-06 7.309298149741570364e-07
5.115000000000000102e-02 -8.998857351891354284e-06 1.064478758082279888e-06
5.144999999999999574e-02 -9.298775559787821724e-06 5.970900962732541383e-07
5.174999999999999045e-02 -8.298921698798271808e-06 1.174126222520201208e-06
5.204999999999999905e-02 -8.098930297084205849e-06 9.825259546049702388e-07
5.234999999999999376e-02 -7.998991570764692562e-06 9.998998179937420429e-07
5.264999999999999541e-02 -8.098906560044286007e-06 8.998777774788999525e-07
5.294999999999999707e-02 -9.898794765116969698e-06 6.740646685620774926e-07
5.324999999999999178e-02 -9.398701437122880265e-06 1.257679480790512916e-06
5.355000000000000038e-02 -7.698978619091395646e-06 7.894252438644405310e-07
5.384999999999999509e-02 -7.499095475782243940e-06 7.339786948171171060e-07
5.414999999999998981e-02 -8.898904901452535328e-06 1.037486910125520511e-06
5.444999999999999840e-02 -7.698885154187070010e-06 8.170776704057071559e-07
5.474999999999999312e-02 -7.898846423492352327e-06 8.088589095159449382e-07
5.504999999999999477e-02 -1.049852938429485748e-05 8.848735646517957900e-07
5.534999999999999643e-02 -9.798767765241611020e-06 1.008729283819020933e-06
5.564999999999999114e-02 -7.198988207369702054e-06 1.123339938787251624e-06
5.594999999999999973e-02 -8.698929358760906460e-06 8.697546170389009762e-07
5.624999999999999445e-02 -7.998923296667226904e-06 8.562230117756913759e-07
5.654999999999998916e-02 -7.499011923254506992e-06 5.425624726701017701e-07
5.684999999999999776e-02 -8.099042939136311207e-06 4.818163875093174492e-07
5.714999999999999247e-02 -7.299053590713329347e-06 4.725297429790680466e-07
5.745000000000000107e-02 -8.698858164294009495e-06 1.095807069488626280e-06
5.774999999999999578e-02 -9.098658234536792440e-06 1.129745837144503293e-06
5.804999999999999050e-02 -9.198827773530514283e-06 7.858605816339406473e-07
5.834999999999999909e-02 -6.699147334728851437e-06 6.999053325523724521e-07
5.864999999999999380e-02 -8.298968890162552493e-06 7.607597086704073512e-07
5.894999999999999546e-02 -6.799102561063815589e-06 9.864216725295599609e-07
5.924999999999999711e-02 -7.798926477975003744e-06 1.093293086249390100e-06
5.954999999999999183e-02 -7.798942195673381719e-06 1.289115918703638324e-06
5.985000000000000042e-02 -7.599030011295955984e-06 8.967589765040873946e-07
6.014999999999999514e-02 -6.399242106757445372e-06 1.034827007716560285e-06
6.044999999999998985e-02 -7.299115771170779478e-06 1.011446776831782992e-06
6.074999999999999845e-02 -6.299096918564631747e-06 6.154379423741033869e-07
6.104999999999999316e-02 -7.598932934221353883e-06 1.076891582401139105e-06
6.134999999999999482e-02 -7.099010598259485828e-06 8.874387544293736444e-07
6.164999999999999647e-02 -6.599080946819916218e-06 6.357980373621688305e-07
6.194999999999999118e-02 -5.799275502095423313e-06 6.109221940919798223e-07
6.224999999999999978e-02 -6.699049771013937040e-06 7.894158726389117558e-07
6.254999999999999449e-02 -6.699024020609842585e-06 1.154988366217322287e-06
6.284999999999998921e-02 -7.599015371297778209e-06 5.616481886099304736e-07
6.314999999999999780e-02 -8.498942208691529415e-06 6.190562711558226278e-07
6.344999999999999252e-02 -4.799378264278498592e-06 5.120328875284530596e-07
6.375000000000000111e-02 -6.999117088306934863e-06 8.026585880564458277e-07
6.404999999999999583e-02 -6.499155084137655221e-06 1.002656067151388220e-06
6.434999999999999054e-02 -7.299071386317286991e-06 9.072900673052230798e-07
6.464999999999998526e-02 -6.099167375468297313e-06 9.121300811422099283e-07
6.494999999999999385e-02 -5.699178826629385773e-06 6.505748520623692657e-07
6.525000000000000244e-02 -7.499068961698004566e-06 5.425802561962152427e-07
6.554999999999999716e-02 -5.199295653741638898e-06 8.536574577577590848e-07
6.584999999999999187e-02 -6.699090680003070514e-06 6.838944090224392501e-07
6.614999999999998659e-02 -7.599013560038086478e-06 9.796662560319249973e-07
6.644999999999999518e-02 -7.099093096693175214e-06 7.950246382441993049e-07
6.674999999999998990e-02 -6.199145805195040879e-06 5.332352832396953067e-07
6.704999999999999849e-02 -5.399319781652843646e-06 7.023161060131279663e-07
6.734999999999999321e-02 -6.499146027783915811e-06 9.218638704078063752e-07
6.764999999999998792e-02 -6.999085196753616772e-06 1.125275922200211648e-06
6.794999999999999651e-02 -7.299092658354401518e-06 7.460343165708631521e-07
6.824999999999999123e-02 -5.099304077690195374e-06 7.519235801041432721e-07
6.854999999999999982e-02 -5.999095106175494758e-06 6.665787658032736873e-07
6.884999999999999454e-02 -6.799099997266948082e-06 7.570782906222866691e-07
6.914999999999998925e-02 -6.899185097699045692e-06 8.088748567070260796e-07
6.944999999999999785e-02 -7.198998648606509672e-06 1.051877761507246895e-06
6.974999999999999256e-02 -8.598920516409653343e-06 1.034795539238296460e-06
7.005000000000000115e-02 -6.899142702685676391e-06 9.242357211171111579e-07
7.034999999999999587e-02 -6.199104442022838009e-06 9.864501488965115329e-07
7.064999999999999059e-02 -6.399214575028541310e-06 8.588478036482126247e-07
7.094999999999998530e-02 -6.899080162774101266e-06 8.998597038831994479e-07
7.124999999999999389e-02 -6.999174288849611901e-06 9.308145366529248107e-07
7.155000000000000249e-02 -6.699128489068041580e-06 4.725301342893336630e-07
7.184999999999999720e-02 -5.099309829820162105e-06 7.062074921829644933e-07
7.214999999999999192e-02 -6.099286190403085484e-06 7.062268200425046398e-07
7.244999999999998663e-02 -5.599153654954717431e-06 7.628996302048228005e-07
7.274999999999999523e-02 -5.199273635890609086e-06 7.271315070400840748e-07
7.304999999999998994e-02 -5.299408771763662227e-06 7.460057944116703841e-07
7.334999999999999853e-02 -5.699299314241569198e-06 7.309577687618532811e-07
7.364999999999999325e-02 -5.499143888666710183e-06 6.870495442324789803e-07
7.394999999999998797e-02 -6.999124554924502963e-06 9.066327124925228751e-07
7.424999999999999656e-02 -5.299262930857973457e-06 1.022403524500422640e-06
7.454999999999999127e-02 -5.999315038700467464e-06 9.659720582287503672e-07
7.484999999999999987e-02 -6.599245316380653130e-06 6.531084788736766740e-07
7.514999999999999458e-02 -5.899216096744889389e-06 7.370013464327620574e-07
7.544999999999998930e-02 -6.099227434500212102e-06 8.874433312975182290e-07
7.574999999999998401e-02 -5.499413064555480163e-06 6.190733784802009992e-07
7.604999999999999261e-02 -6.499246888585812441e-06 7.780457895150187759e-07
7.635000000000000120e-02 -6.099214698278820947e-06 8.620350981971110396e-07
7.664999999999999591e-02 -5.799253155526199851e-06 1.083056765857344332e-06
7.694999999999999063e-02 -5.899266033236084520e-06 8.359235879317583960e-07
7.724999999999998535e-02 -4.599417476488989404e-06 4.988407123702877328e-07
7.754999999999999394e-02 -5.999242307023159928e-06 5.772560729155648617e-07
7.785000000000000253e-02 -4.699454306923526495e-06 8.697663215500702178e-07
7.814999999999999725e-02 -6.099141813873092477e-06 3.144386451233406597e-07
7.844999999999999196e-02 -6.099215332440206528e-06 8.358810081429918090e-07
7.874999999999998668e-02 -6.299213141733359322e-06 9.432668780183724153e-07
7.904999999999999527e-02 -5.299227654396405237e-06 8.170198056777014530e-07
7.934999999999998999e-02 -5.899296740630768526e-06 5.858878055298921576e-07
7.964999999999999858e-02 -5.499311014950761820e-06 6.707268548957081135e-07
7.994999999999999329e-02 -4.699374717193457174e-06 2.999404087600061573e-07
8.024999999999998801e-02 -5.999245629830400095e-06 6.991512502698102670e-07
8.054999999999999660e-02 -6.799083634006176961e-06 8.665354173461696872e-07
8.084999999999999132e-02 -4.999357062216506105e-06 6.830332924379096011e-07
8.114999999999999991e-02 -6.099199222402570955e-06 6.226475607697162266e-07
8.144999999999999463e-02 -6.299172931146274896e-06 7.460087429238785130e-07
8.174999999999998934e-02 -6.599226435867431755e-06 8.967974852156317374e-07
8.204999999999998406e-02 -5.299305181612842180e-06 8.568743816050442430e-07
8.234999999999999265e-02 -4.199370487170357981e-06 6.109119986604823620e-07
8.265000000000000124e-02 -4.199402711417220653e-06 7.570970795429266408e-07
8.294999999999999596e-02 -3.799452750636759687e-06 6.462896471006547140e-07
8.324999999999999067e-02 -5.999189479745669087e-06 6.666103739870333467e-07
8.354999999999998539e-02 -5.199326385722341889e-06 7.117200699347633875e-07
8.384999999999999398e-02 -5.499216548565551302e-06 7.922089191184085033e-07
8.414999999999998870e-02 -5.199316673535194539e-06 5.733932869556599297e-07
8.444999999999999729e-02 -5.799186330766841438e-06 8.271808746951337546e-07
8.474999999999999201e-02 -5.299288979656764958e-06 8.305774329169540533e-07
8.504999999999998672e-02 -5.199363389922592313e-06 7.716262323132929479e-07
8.534999999999999531e-02 -5.699395869461412051e-06 6.505574878104910060e-07
8.564999999999999003e-02 -5.099397923687112305e-06 7.519143478746179586e-07
8.594999999999999862e-02 -4.499364618221058493e-06 5.216274852849152833e-07
8.624999999999999334e-02 -4.399455726974773658e-06 5.415340748578783183e-07
8.654999999999998805e-02 -5.599302280372353696e-06 9.682454999168173275e-07
8.684999999999999665e-02 -4.399435291894950426e-06 7.332591847572733894e-07
8.714999999999999136e-02 -4.999338822695508222e-06 9.773917037797436203e-07
8.744999999999999996e-02 -4.499489234099084630e-06 5.820925631414271055e-07
8.774999999999999467e-02 -5.599243953760882274e-06 1.194272281553248545e-06
8.804999999999998939e-02 -3.899478581225511315e-06 5.259250076530320067e-07
8.834999999999998410e-02 -4.999350240598354093e-06 8.026707371283218919e-07
8.864999999999999269e-02 -5.199290351224341515e-06 6.959364553647368092e-07
8.895000000000000129e-02 -5.099322146844039645e-06 6.402351128437783534e-07
8.924999999999999600e-02 -5.599259083736531386e-06 6.530996895929941892e-07
8.954999999999999072e-02 -3.799565103803667560e-06 5.734244703815530033e-07
8.984999999999998543e-02 -6.299176817318948401e-06 6.332429345880608029e-07
9.014999999999999403e-02 -5.499326170731517003e-06 9.573246499311897751e-07
9.044999999999998874e-02 -3.899585832213510075e-06 4.333060545498105019e-07
9.074999999999999734e-02 -5.099276208780794674e-06 5.466521063251428126e-07
9.104999999999999205e-02 -4.199496665897625652e-06 7.116986923214135541e-07
9.134999999999998677e-02 -5.199384690847191218e-06 6.109369946353296531e-07
9.164999999999999536e-02 -4.099522231708295043e-06 4.818184834622322440e-07
9.194999999999999007e-02 -5.099391307350425743e-06 5.859000523689330903e-07
9.224999999999999867e-02 -4.999374233881486821e-06 8.431699590437011917e-07
9.254999999999999338e-02 -3.899556750749831604e-06 8.490766605586568590e-07
9.284999999999998810e-02 -3.299588221628814469e-06 5.971291046129676541e-07
9.314999999999998281e-02 -3.399607530837845630e-06 4.521103378430209705e-07
9.344999999999999141e-02 -3.899443408342899488e-06 6.226332737769201907e-07
9.375000000000000000e-02 -3.699535021683346573e-06 6.154807099604794388e-07
9.404999999999999472e-02 -3.899479007207222666e-06 3.144268351696463501e-07
9.434999999999998943e-02 -4.399480377440914792e-06 6.862778743902477646e-07
9.464999999999998415e-02 -3.399519233368339067e-06 4.988294111480402444e-07
9.494999999999999274e-02 -3.699571240020524010e-06 5.586962319616984771e-07
9.524999999999998745e-02 -4.199550225257540960e-06 7.571010401884928727e-07
9.554999999999999605e-02 -3.999499724078375798e-06 5.772835819129576390e-07
9.584999999999999076e-02 -4.499461003362160759e-06 6.870982010512537426e-07
9.614999999999998548e-02 -5.099339314656789056e-06 1.294716008995985716e-06
9.644999999999999407e-02 -5.199304935078831806e-06 8.405066619989063365e-07
9.674999999999998879e-02 -4.999457601466479667e-06 5.773177692275061055e-07
9.704999999999999738e-02 -3.599564191085527917e-06 5.811182876633492848e-07
9.734999999999999210e-02 -5.899294312141996720e-06 8.748600786398148122e-07
9.764999999999998681e-02 -3.599584512358531211e-06 7.629248185197216939e-07
9.794999999999999540e-02 -4.599449171942666487e-06 9.212528809403045482e-07
9.824999999999999012e-02 -4.499467528098728277e-06 6.190741334815348503e-07
9.854999999999999871e-02 -4.599476793997927377e-06 4.267888812439556956e-07
9.884999999999999343e-02 -4.699495000549471261e-06 6.674504629010933886e-07
9.914999999999998814e-02 -4.299369378777760433e-06 3.666299322457198768e-07
9.944999999999998286e-02 -4.299409662422800282e-06 7.156152906514274823e-07
9.974999999999999145e-02 -3.799560871505533457e-06 4.421765301700830696e-07
1.000500000000000000e-01 -4.099494394009423329e-06 5.858672753059981227e-07
1.003499999999999948e-01 -3.699599768698580808e-06 4.725305188656495500e-07
1.006499999999999895e-01 -3.799602154630997606e-06 6.462837368676352640e-07
1.009499999999999842e-01 -5.099444240144241462e-06 4.581884327222037746e-07
1.012499999999999928e-01 -4.099552817010509926e-06 6.045526419931752956e-07
1.015499999999999875e-01 -3.099578272466001420e-06 6.045247322369238263e-07
1.018499999999999961e-01 -5.299382016309895068e-06 6.838267104910344555e-07
1.021499999999999908e-01 -4.799438455175459912e-06 7.271855875525420592e-07
1.024499999999999855e-01 -3.199578153932114109e-06 3.589701838042204277e-07
1.027499999999999941e-01 -4.499333178259146478e-06 7.339760855562489168e-07
1.030499999999999888e-01 -3.699473815380455325e-06 5.971162992181708163e-07
1.033499999999999974e-01 -3.899592392242177137e-06 6.226284070659804810e-07
1.036499999999999921e-01 -4.199584204596510538e-06 5.332735999590002101e-07
1.039499999999999869e-01 -4.299492375848415365e-06 4.954738316618054790e-07
1.042499999999999816e-01 -3.799554743402015236e-06 5.120315539992293444e-07
1.045499999999999902e-01 -3.799541037419296447e-06 6.632568511101671533e-07
1.048499999999999988e-01 -3.999565075452807980e-06 8.431717150421170454e-07
1.051499999999999935e-01 -4.399485891219088183e-06 8.325437850286122250e-07
1.054499999999999882e-01 -3.699464031439575767e-06 5.173975384597967776e-07
1.057499999999999829e-01 -3.699534072092014713e-06 5.174313681812463972e-07
1.060499999999999915e-01 -4.399410694938189582e-06 5.415391341974511084e-07
1.063500000000000001e-01 -3.799487928749259979e-06 6.109371520565086735e-07
1.066499999999999948e-01 -4.399499101823031418e-06 5.999275568404887454e-07
1.069499999999999895e-01 -3.399520039052279482e-06 4.760316623849206783e-07
1.072499999999999842e-01 -3.999460034134543632e-06 6.323926836317436469e-07
1.075499999999999928e-01 -3.399541496375085658e-06 7.332239417305436288e-07
1.078499999999999875e-01 -2.799702599809008223e-06 5.536998665030772513e-07
1.081499999999999961e-01 -4.499363966060170267e-06 7.636791411483531892e-07
1.084499999999999909e-01 -4.099485673400599472e-06 5.258963647128272040e-07
1.087499999999999856e-01 -3.399534990672985356e-06 3.999749717395472527e-07
1.090499999999999942e-01 -3.599632161706408012e-06 6.531399007804472028e-07
1.093499999999999889e-01 -5.199424874628636466e-06 7.716449570680729426e-07
1.096499999999999975e-01 -2.299723686026300299e-06 3.666088606081787807e-07
1.099499999999999922e-01 -4.999320921273499859e-06 5.374138017876069322e-07
1.102499999999999869e-01 -2.799636911642598170e-06 3.886885941195092585e-07
1.105499999999999816e-01 -3.699598164725722819e-06 2.999681393272475042e-07
1.108499999999999902e-01 -4.599362096466877889e-06 8.967833898909915474e-07
1.111499999999999988e-01 -2.899647847679557355e-06 5.043531925042746312e-07
1.114499999999999935e-01 -4.699475210147905644e-06 5.586891436134651441e-07
1.117499999999999882e-01 -3.299635650921136122e-06 6.674294443661602031e-07
1.120499999999999829e-01 -4.499442716614870548e-06 7.186857910308392159e-07
1.123499999999999915e-01 -3.499499311888580606e-06 6.367356715478835577e-07
1.126499999999999863e-01 -3.199610079628829283e-06 3.886913926230633959e-07
1.129499999999999948e-01 -4.599495282954185372e-06 1.024043399459759371e-06
1.132499999999999896e-01 -4.399439153672612569e-06 5.811018297425753614e-07
1.135499999999999843e-01 -4.099501240473936679e-06 3.785512713476773950e-07
1.138499999999999929e-01 -3.499550464714637683e-06 3.072741012381166034e-07
1.141499999999999876e-01 -3.799500561575317509e-06 7.422937085483123944e-07
1.144499999999999962e-01 -4.099506730253954821e-06 7.809538248191014168e-07
1.147499999999999909e-01 -3.299602546862324278e-06 4.229086744639341601e-07
1.150499999999999856e-01 -3.599604359500768051e-06 7.915249694215844002e-07
1.153499999999999942e-01 -3.499515223372858789e-06 3.072883521646350922e-07
1.156499999999999889e-01 -4.299464336833322336e-06 4.483711513486356678e-07
1.159499999999999975e-01 -4.399531104334653549e-06 5.616830580325748884e-07
1.162499999999999922e-01 -3.899546462469492448e-06 6.573421348559500806e-07
1.165499999999999869e-01 -3.899444163425247487e-06 7.217723273390993779e-07
1.168499999999999817e-01 -4.499472243387593885e-06 6.190657626666461933e-07
1.171499999999999903e-01 -3.899530087947358153e-06 5.259190033867923248e-07
1.174499999999999988e-01 -3.799529631881216465e-06 7.570911254598175692e-07
1.177499999999999936e-01 -3.799538478267854932e-06 9.403164504402623997e-07
1.180499999999999883e-01 -4.099570687997656335e-06 7.665480376149912009e-07
1.183499999999999830e-01 -2.699722862723085653e-06 7.607591291950891126e-07
1.186499999999999916e-01 -3.399569426095918305e-06 5.206189808333025084e-07
1.189499999999999863e-01 -4.299379044176982110e-06 8.170565193716019410e-07
1.192499999999999949e-01 -3.299639825449737304e-06 5.971372192951363310e-07
1.195499999999999896e-01 -3.299689061296903640e-06 5.174258985852485652e-07
1.198499999999999843e-01 -2.999604161257577425e-06 7.301821321608400116e-07
1.201499999999999929e-01 -3.799513793936373068e-06 5.537167802117328031e-07
1.204499999999999876e-01 -3.099626339538505726e-06 8.088819725840883317e-07
1.207499999999999962e-01 -2.599737498947014745e-06 5.206463766643143116e-07
1.210499999999999909e-01 -3.099677218989487259e-06 4.582053928343438495e-07
1.213499999999999857e-01 -3.099654936057340058e-06 3.785605535426037645e-07
1.216499999999999804e-01 -3.499542016846523102e-06 7.186947598741825141e-07
1.219499999999999890e-01 -3.199565039373124955e-06 5.332530414674440858e-07
1.222499999999999976e-01 -3.999509849967819038e-06 6.830223425767675074e-07
1.225499999999999923e-01 -3.499644059335956742e-06 2.687108941025287218e-07
1.228499999999999870e-01 -4.399424069432254181e-06 4.760312780198858839e-07
1.231499999999999817e-01 -2.999606243158228648e-06 3.650918401689682496e-07
1.234499999999999903e-01 -3.999469998094247032e-06 8.163389815535507208e-07
1.237499999999999850e-01 -3.499560261437783127e-06 9.097128943022959216e-07
1.240499999999999936e-01 -3.899468682650889975e-06 5.466417715554098751e-07
1.243499999999999883e-01 -3.999542737604683177e-06 2.581752044340411950e-07
1.246499999999999830e-01 -3.199663603888968959e-06 6.462702597031509174e-07
1.249499999999999916e-01 -3.999539848069257771e-06 7.887196855108392243e-07
1.252499999999999725e-01 -4.499527235231632680e-06 4.533465656010974074e-07
1.255499999999999949e-01 -3.199637682152575554e-06 7.271659412806702027e-07
1.258499999999999897e-01 -3.599588425536760185e-06 3.999817117637638101e-07
1.261499999999999844e-01 -2.699678052427290607e-06 6.154665901304633065e-07
1.264500000000000068e-01 -2.899692622067977017e-06 4.581855844862484456e-07
1.267499999999999738e-01 -3.799558929887048898e-06 7.858874321503466609e-07
1.270499999999999963e-01 -2.899654527251384409e-06 5.466347869248323565e-07
1.273499999999999910e-01 -3.499497722923177091e-06 4.013572714943256113e-07
1.276499999999999857e-01 -2.199736968646847446e-06 4.421643736640552136e-07
1.279500000000000082e-01 -3.799489573992947902e-06 6.108977798780214766e-07
1.282499999999999751e-01 -3.299613881264507624e-06 7.752257200722977821e-07
1.285499999999999976e-01 -3.699540943186488999e-06 5.782634844346175055e-07
1.288499999999999646e-01 -3.299554539506989959e-06 6.332327178904690307e-07
1.291499999999999870e-01 -3.199630224968489197e-06 7.859066061910897837e-07
1.294500000000000095e-01 -3.299625720305981599e-06 4.483949037505780281e-07
1.297499999999999765e-01 -3.099638949857944088e-06 5.466406601443041214e-07
1.300499999999999989e-01 -2.999671851371388700e-06 5.772847210513332848e-07
1.303499999999999659e-01 -3.199583281732463328e-06 4.665716950716418706e-07
1.306499999999999884e-01 -2.799737803989501851e-06 4.666240909740335656e-07
1.309500000000000108e-01 -2.799692800019986792e-06 5.734352035398294443e-07
1.312499999999999778e-01 -1.899739004676884387e-06 4.332647502342151732e-07
1.315500000000000003e-01 -2.999646301495875294e-06 4.713501700967436332e-07
1.318499999999999672e-01 -3.599581595024988807e-06 3.711368512925126495e-07
1.321499999999999897e-01 -2.999639395883113071e-06 3.333197280942283280e-07
1.324500000000000122e-01 -3.099601565260766717e-06 6.402066179143847690e-07
1.327499999999999791e-01 -2.699662240063096326e-06 4.483956970515842799e-07
1.330500000000000016e-01 -2.299756844347234097e-06 4.725049655603472217e-07
1.333499999999999686e-01 -2.399771795719090474e-06 2.210767064987415033e-07
1.336499999999999910e-01 -2.899665547667310361e-06 5.043761529048284255e-07
1.339499999999999857e-01 -4.399411016460129379e-06 5.616819866896207037e-07
1.342499999999999805e-01 -2.799624873661734504e-06 6.462529948823792232e-07
1.345500000000000029e-01 -3.199657869229166880e-06 5.734190794501779504e-07
1.348499999999999699e-01 -3.399583329555215285e-06 4.268037865960607438e-07
1.351499999999999924e-01 -3.899523047830601311e-06 6.045194756996770780e-07
1.354499999999999871e-01 -2.599654988430111952e-06 5.811010668762927321e-07
1.357499999999999818e-01 -2.799709058617115269e-06 4.162984278324880684e-07
1.360500000000000043e-01 -2.399728371347867725e-06 5.999328794664460230e-07
1.363499999999999712e-01 -3.599659115215862164e-06 4.988395047766964293e-07
1.366499999999999937e-01 -2.899682451689156097e-06 6.740529639727302863e-07
1.369499999999999884e-01 -2.199758313661297648e-06 4.421657718041036301e-07
1.372499999999999831e-01 -2.099779348940167439e-06 5.666010492861929494e-07
1.375500000000000056e-01 -3.399566589841537670e-06 6.862615136652961402e-07
1.378499999999999726e-01 -1.999682786631716025e-06 3.943679602352278937e-07
1.381499999999999950e-01 -2.499670234833284111e-06 4.281099593880193843e-07
1.384499999999999897e-01 -3.099491720578114136e-06 4.332400337961783539e-07
1.387499999999999845e-01 -2.499665610873357831e-06 4.013436512402350891e-07
1.390500000000000069e-01 -4.099401896451625450e-06 5.466386672548782078e-07
1.393499999999999739e-01 -2.799683158497600259e-06 5.537047786292149931e-07
1.396499999999999964e-01 -2.299705011882310015e-06 5.173978160453573763e-07
1.399499999999999633e-01 -2.599718356155951849e-06 5.206278409223454229e-07
1.402499999999999858e-01 -2.499753712821888767e-06 4.772050745955830056e-07
1.405500000000000083e-01 -2.699688334285960859e-06 5.174039297748965238e-07
1.408499999999999752e-01 -2.899655071012947031e-06 5.858714959083999694e-07
1.411499999999999977e-01 -2.999671698680703084e-06 7.745172160165392073e-07
1.414499999999999647e-01 -2.499719532952321779e-06 7.780946291399597118e-07
1.417499999999999871e-01 -2.799597057833649476e-06 3.886795343751075487e-07
1.420500000000000096e-01 -2.299702058188695469e-06 6.154633717435299475e-07
1.423499999999999766e-01 -2.799578764674860261e-06 3.590201552126229263e-07
1.426499999999999990e-01 -2.299692134297740372e-06 5.174223262389622921e-07
1.429499999999999660e-01 -2.599669819589314878e-06 3.398916002341667998e-07
1.432499999999999885e-01 -2.799583521388035633e-06 5.924524942725030810e-07
1.435500000000000109e-01 -2.499695649263845009e-06 5.626912352568864562e-07
1.438499999999999779e-01 -2.599675121262979728e-06 4.760273462121685872e-07
1.441500000000000004e-01 -2.499726435031449317e-06 3.726310749088712762e-07
1.444499999999999673e-01 -2.299717282104206218e-06 3.666218601668471808e-07
1.447499999999999898e-01 -2.799634043647434065e-06 4.666194137257727894e-07
1.450500000000000123e-01 -2.999608238153061466e-06 4.215788322962400774e-07
1.453499999999999792e-01 -3.199638278369302954e-06 7.571161878237241671e-07
1.456500000000000017e-01 -2.499731730218196197e-06 4.772169875373321420e-07
1.459499999999999686e-01 -2.399724709576438352e-06 2.666480061241838595e-07
1.462499999999999911e-01 -2.299644299381716927e-06 4.483856689314752127e-07
1.465499999999999858e-01 -2.199719790189570512e-06 5.734215008925573126e-07
1.468499999999999805e-01 -2.499696758720798637e-06 4.772094038829823767e-07
1.471500000000000030e-01 -3.199639158071182736e-06 6.462606587742337172e-07
1.474499999999999700e-01 -2.899669976806488752e-06 5.466361329012841116e-07
1.477499999999999925e-01 -3.599650048688284664e-06 5.415336226954874395e-07
1.480499999999999872e-01 -3.899640423115878022e-06 8.225144720532072687e-07
1.483499999999999819e-01 -2.599673890122752240e-06 3.999486839315718829e-07
1.486500000000000044e-01 -2.699673851782365238e-06 3.349690440242533201e-07
1.489499999999999713e-01 -2.799669059351113530e-06 3.887035975504282191e-07
1.492499999999999938e-01 -3.599586528180375308e-06 6.181692411702407933e-07
1.495499999999999885e-01 -2.799745858953659754e-06 5.120159133303005499e-07
1.498499999999999832e-01 -2.599610273500197897e-06 6.181363468085510574e-07
1.501500000000000057e-01 -2.499675229457667365e-06 6.539497308366440643e-07
1.504499999999999726e-01 -2.799674602287165815e-06 6.109705178766272663e-07
1.507499999999999951e-01 -2.699608740941884014e-06 6.505333763154983919e-07
1.510499999999999621e-01 -2.999663469391046940e-06 5.772707567859738060e-07
1.513499999999999845e-01 -2.999715498280759603e-06 5.962234331877901561e-07
1.516500000000000070e-01 -2.999588012924249500e-06 4.471481141398493927e-07
1.519499999999999740e-01 -2.199791372273366471e-06 5.925042502120101264e-07
1.522499999999999964e-01 -1.699804476970626434e-06 4.954812086224081493e-07
1.525499999999999634e-01 -2.599632750951415003e-06 3.398660477203596390e-07
1.528499999999999859e-01 -2.499690577961996058e-06 4.533397157234430384e-07
1.531500000000000083e-01 -2.999707758390321919e-06 6.991402386056256609e-07
1.534499999999999753e-01 -1.499765393095386239e-06 3.415161527241636394e-07
1.537499999999999978e-01 -2.899689371000621764e-06 3.785546670681627533e-07
1.540499999999999647e-01 -2.499726359037022095e-06 5.626754766404328305e-07
1.543499999999999872e-01 -2.999679440807995116e-06 5.962135665387083834e-07
1.546500000000000097e-01 -2.899711518659922539e-06 7.370285698034659928e-07
1.549499999999999766e-01 -1.599860287237195234e-06 2.666342861933269941e-07
1.552499999999999991e-01 -1.799811716140740929e-06 2.494292142488870112e-07
1.555499999999999661e-01 -2.599717057397119757e-06 5.415509008898452856e-07
1.558499999999999885e-01 -1.899732127131822220e-06 3.785417705431198173e-07
1.561500000000000110e-01 -2.299695715424461762e-06 4.954691929048093917e-07
1.564499999999999780e-01 -1.999790640887254553e-06 3.943675710061922677e-07
1.567500000000000004e-01 -3.099622346469209135e-06 5.466348385494256371e-07
1.570499999999999674e-01 -2.399624949194930282e-06 6.181518800731885205e-07
1.573499999999999899e-01 -2.599659379697130135e-06 4.760182511952674105e-07
1.576499999999999846e-01 -2.099785860714740537e-06 3.785610962957796452e-07
1.579499999999999793e-01 -2.499725271620073701e-06 3.726379797561420847e-07
1.582500000000000018e-01 -2.199760342501985628e-06 3.589639170055968239e-07
1.585499999999999687e-01 -2.299798125752071516e-06 4.228976172167439188e-07
1.588499999999999912e-01 -2.299748121251971704e-06 4.229246427667494525e-07
1.591499999999999859e-01 -2.699638646547571395e-06 5.384417492660832650e-07
1.594499999999999806e-01 -2.699606879297253109e-06 4.725445716924214089e-07
1.597500000000000031e-01 -1.999798433901317628e-06 2.581717400847449586e-07
1.600499999999999701e-01 -2.299735740085409962e-06 4.229149571090226711e-07
1.603499999999999925e-01 -3.199656454389356323e-06 4.421724972844266228e-07
1.606499999999999873e-01 -2.499714883001975135e-06 5.425551630968493096e-07
1.609499999999999820e-01 -1.999823911330285591e-06 4.713614218498236295e-07
1.612500000000000044e-01 -2.699690059819498664e-06 5.971465003758151577e-07
1.615499999999999714e-01 -2.299698505319435774e-06 6.674281264119836103e-07
1.618499999999999939e-01 -2.099789917382341303e-06 4.582006320832493922e-07
1.621499999999999608e-01 -2.499727892609043722e-06 3.415134665847446078e-07
1.624499999999999833e-01 -1.899757963251514663e-06 3.479503311596823586e-07
1.627500000000000058e-01 -2.899642734744109929e-06 4.581808010450482673e-07
1.630499999999999727e-01 -2.699715242343997215e-06 4.725357800399795444e-07
1.633499999999999952e-01 -2.899546934121491354e-06 3.785280335305622215e-07
1.636499999999999622e-01 -2.499677602802467828e-06 4.533306080871189587e-07
1.639499999999999846e-01 -1.599845473321334242e-06 3.999554721611652520e-07
1.642500000000000071e-01 -2.099734563983225368e-06 5.043661027089327526e-07
1.645499999999999741e-01 -2.399723417886801784e-06 5.206165187774036967e-07
1.648499999999999965e-01 -2.199772093363743032e-06 5.537347139884846100e-07
1.651499999999999635e-01 -1.499823274627732263e-06 3.072715629266999689e-07
1.654499999999999860e-01 -3.799296852322834964e-06 7.270848714222759515e-07
1.657500000000000084e-01 -2.699702524056013030e-06 6.999035478262715506e-07
1.660499999999999754e-01 -1.999721252702158660e-06 3.650859227344243366e-07
1.663499999999999979e-01 -2.599699484280270602e-06 4.268110795310358629e-07
1.666499999999999648e-01 -1.999770772115486339e-06 5.163321989271172102e-07
1.669499999999999873e-01 -1.899775648826058477e-06 4.582038550594434701e-07
1.672500000000000098e-01 -1.799839880871853067e-06 2.905660768321151027e-07
1.675499999999999767e-01 -2.899636733714158357e-06 5.259269013278749990e-07
1.678499999999999992e-01 -2.499745393642898633e-06 5.425963179385009469e-07
1.681499999999999662e-01 -2.099778290301381963e-06 5.466501910652068654e-07
1.684499999999999886e-01 -2.399711220603339151e-06 3.711238076677509031e-07
1.687499999999999833e-01 -2.399654619235541543e-06 5.811145148621764768e-07
1.690499999999999781e-01 -1.899809680959612063e-06 4.068270074433476254e-07
1.693500000000000005e-01 -1.499838142401907709e-06 4.999232287944935606e-07
1.696499999999999675e-01 -2.599678109618604644e-06 4.760347134424366008e-07
1.699499999999999900e-01 -2.399684484418469975e-06 4.520957825578815521e-07
1.702499999999999847e-01 -2.799660950642430520e-06 2.905660176044828309e-07
1.705499999999999794e-01 -2.799658288902188293e-06 5.120389123174709613e-07
1.708500000000000019e-01 -3.099629748600436942e-06 5.043654454566817342e-07
1.711499999999999688e-01 -2.699737585997233099e-06 4.955002909551261599e-07
1.714499999999999913e-01 -2.499699462235347605e-06 4.281163468653108376e-07
1.717499999999999860e-01 -2.399694091325493513e-06 4.760564874534310877e-07
1.720499999999999807e-01 -1.699768638898223558e-06 5.384641622390259500e-07
1.723500000000000032e-01 -1.899756987679737099e-06 4.332811850024805723e-07
1.726499999999999702e-01 -1.599791966354644852e-06 3.054856067203980939e-07
1.729499999999999926e-01 -2.099767736232384820e-06 4.818523335796117114e-07
1.732499999999999873e-01 -2.199751438896254365e-06 2.905709883971930433e-07
1.735499999999999821e-01 -1.799834676156980946e-06 4.163013225046079868e-07
1.738500000000000045e-01 -2.199724235451977432e-06 3.589482783659915232e-07
1.741499999999999715e-01 -1.899843397599013427e-06 2.768677208803652867e-07
1.744499999999999940e-01 -2.199707827164559020e-06 5.120233357304064392e-07
1.747499999999999609e-01 -2.299689287321929670e-06 4.725324633529967963e-07
1.750499999999999834e-01 -2.799644869022168839e-06 4.162961452380546203e-07
1.753500000000000059e-01 -2.399595487913976616e-06 5.810846054304879665e-07
1.756499999999999728e-01 -1.799806157749626173e-06 3.265591654744888211e-07
1.759499999999999953e-01 -1.799804272978667738e-06 4.898548501461853663e-07
1.762499999999999623e-01 -1.699802317320837712e-06 5.587218923319236748e-07
1.765499999999999847e-01 -1.799761424983487567e-06 3.589556044646853663e-07
1.768500000000000072e-01 -2.499672993207793852e-06 4.999069767735540798e-07
1.771499999999999742e-01 -1.799734048046674218e-06 5.734124429162767409e-07
1.774499999999999966e-01 -2.099676716089311807e-06 5.466216837091427308e-07
1.777499999999999636e-01 -1.499800409652727107e-06 4.281178545174670344e-07
1.780499999999999861e-01 -1.099886363121401447e-06 4.332924745676161657e-07
1.783500000000000085e-01 -1.999720487974679100e-06 3.651128419160060997e-07
1.786499999999999755e-01 -1.699781338673115141e-06 3.666230541621955307e-07
1.789499999999999980e-01 -2.899693327978503041e-06 5.466486699769849842e-07
1.792499999999999649e-01 -2.999585920817824926e-06 6.830051266448075642e-07
1.795499999999999874e-01 -1.899783140133415991e-06 5.043572232961312245e-07
1.798499999999999821e-01 -2.799653745322079922e-06 5.332699356657305601e-07
1.801499999999999768e-01 -1.299867199645236410e-06 2.603130615763452710e-07
1.804499999999999993e-01 -1.799835833993496776e-06 4.666265524518907832e-07
1.807499999999999662e-01 -1.899726076818411212e-06 4.332670029101630458e-07
1.810499999999999887e-01 -1.899839475115428090e-06 4.332843208153401243e-07
1.813499999999999834e-01 -2.099680499193817737e-06 3.785467783846646839e-07
1.816499999999999782e-01 -1.799794478006586729e-06 3.589702635099956180e-07
1.819500000000000006e-01 -9.998767517064773561e-07 2.107899692155465820e-07
1.822499999999999676e-01 -1.999788270048437063e-06 7.148385830236636742e-07
1.825499999999999901e-01 -2.199772333109482399e-06 5.120202029252638976e-07
1.828499999999999848e-01 -2.199799213195159457e-06 6.109513306787115214e-07
1.831499999999999795e-01 -2.199760297134391059e-06 5.119938620441457700e-07
1.834500000000000020e-01 -2.399735373092903385e-06 3.054679119599107159e-07
1.837499999999999689e-01 -1.699759687513870111e-06 3.666230512675134789e-07
1.840499999999999914e-01 -2.299681792365551255e-06 4.954730181752140772e-07
1.843499999999999861e-01 -1.999796640695010427e-06 3.651004036641305683e-07
1.846499999999999808e-01 -2.199777255062842079e-06 5.537387923738568305e-07
1.849500000000000033e-01 -2.699680644362177152e-06 6.505599555362487956e-07
1.852499999999999702e-01 -2.599660459912781865e-06 2.666511337234312553e-07
1.855499999999999927e-01 -2.199765993875109846e-06 4.666024854726583844e-07
1.858499999999999597e-01 -1.599800576501123846e-06 4.760412090803217633e-07
1.861499999999999821e-01 -2.299729125789532396e-06 4.725172705285724301e-07
1.864500000000000046e-01 -2.799705480504263737e-06 4.898545170018280390e-07
1.867499999999999716e-01 -1.799815130146284014e-06 3.886891590776129821e-07
1.870499999999999940e-01 -1.499822950175249052e-06 3.072884739552940418e-07
1.873499999999999610e-01 -1.799814524802765596e-06 3.265602240207843878e-07
1.876499999999999835e-01 -1.499833380555495413e-06 3.415453753516611757e-07
1.879500000000000060e-01 -1.399844401512725080e-06 3.999516593719828972e-07
1.882499999999999729e-01 -3.299629279762163361e-06 4.725476109196862904e-07
1.885499999999999954e-01 -2.699673249637844198e-06 2.603110582661408815e-07
1.888499999999999623e-01 -2.699738137090260597e-06 6.999214986216120866e-07
1.891499999999999848e-01 -1.299794043614744031e-06 2.999344251168907294e-07
1.894500000000000073e-01 -1.799775750458053000e-06 4.162888781896392787e-07
1.897499999999999742e-01 -1.499781542795514056e-06 3.072788584555457764e-07
1.900499999999999967e-01 -1.599766488284166110e-06 3.711294631030092380e-07
1.903499999999999637e-01 -1.499812203747628051e-06 4.013149016433156758e-07
1.906499999999999861e-01 -1.699828389068643736e-06 2.999720300737459283e-07
1.909499999999999809e-01 -1.599836461865456692e-06 5.811325532499281483e-07
1.912499999999999756e-01 -1.499856673176448702e-06 4.281332990903219412e-07
1.915499999999999980e-01 -2.699744975237006966e-06 8.170929277476990076e-07
1.918499999999999650e-01 -2.199701350362087431e-06 3.265856347207348351e-07
1.921499999999999875e-01 -2.599755998362840032e-06 4.268635992662632497e-07
1.924499999999999822e-01 -1.799798715299944961e-06 3.886993371335251722e-07
1.927499999999999769e-01 -1.899756922743996277e-06 4.068139509593966419e-07
1.930499999999999994e-01 -2.999630594109895178e-06 2.980992532520807035e-07
1.933499999999999663e-01 -2.099694031379111659e-06 3.785393376268561333e-07
1.936499999999999888e-01 -1.599838643048152141e-06 4.760549492341679597e-07
1.939499999999999835e-01 -2.299709958015854866e-06 4.954559242694578584e-07
1.942499999999999782e-01 -1.999730816593620246e-06 6.145392522011090034e-07
1.945500000000000007e-01 -2.299664713850146624e-06 5.586829918484824004e-07
1.948499999999999677e-01 -1.299872069593186748e-06 3.666448504466537844e-07
1.951499999999999901e-01 -1.699794849029442935e-06 2.603014808609568356e-07
1.954499999999999849e-01 -1.599804996412881799e-06 3.398959910022323905e-07
1.957499999999999796e-01 -2.399773082329924267e-06 4.268412811270747586e-07
1.960500000000000020e-01 -1.299813506080906578e-06 4.725248782515404744e-07
1.963499999999999690e-01 -1.599800750086239058e-06 4.760363178893517724e-07
1.966499999999999915e-01 -1.499859270442609533e-06 6.367800189569135825e-07
1.969499999999999584e-01 -2.199667149684090527e-06 5.332506243730747890e-07
1.972499999999999809e-01 -2.099782956013246115e-06 4.068434772770861512e-07
1.975500000000000034e-01 -2.499708849530869630e-06 6.539713980132373394e-07
1.978499999999999703e-01 -2.299612493189680614e-06 6.674219875634802888e-07
1.981499999999999928e-01 -9.999131148716882549e-07 2.107994261739903519e-07
1.984499999999999598e-01 -2.299707983438807145e-06 5.971175555251157603e-07
1.987499999999999822e-01 -2.299680811501378005e-06 5.174154388154668933e-07
1.990500000000000047e-01 -1.299866204216771242e-06 2.603241364474954065e-07
1.993499999999999717e-01 -1.499866484921209105e-06 3.072922718985716993e-07
1.996499999999999941e-01 -1.999761839014066738e-06 3.943644796424172502e-07
1.999499999999999611e-01 -1.799745718603203010e-06 2.494226714660891110e-07
2.002499999999999836e-01 -2.799734036050751111e-06 3.589698473887733710e-07
2.005500000000000060e-01 -1.799717096636254806e-06 3.589464954836558253e-07
2.008499999999999730e-01 -2.399728624517042192e-06 5.617005831001853143e-07
2.011499999999999955e-01 -1.799828976454575459e-06 2.494197862311188530e-07
2.014499999999999624e-01 -2.399770642284973966e-06 5.616823325747718086e-07
2.017499999999999849e-01 -1.299835989963765344e-06 2.999742651186605462e-07
2.020500000000000074e-01 -1.499844357190929159e-06 3.726438343038133721e-07
2.023499999999999743e-01 -1.299841303538103342e-06 4.229008248487853853e-07
2.026499999999999968e-01 -1.899774332872578894e-06 3.785468983279993562e-07
2.029499999999999638e-01 -8.999074535036393201e-07 3.144368271651313292e-07
2.032499999999999862e-01 -1.599829688996298396e-06 5.206390952900044751e-07
2.035499999999999809e-01 -1.499796592914566191e-06 3.415223637362065202e-07
2.038499999999999757e-01 -2.399785269156569926e-06 5.206064930289785703e-07
2.041499999999999981e-01 -1.799804271086259338e-06 5.332826904309659550e-07
2.044499999999999651e-01 -1.799835647824400161e-06 2.494320177191587012e-07
2.047499999999999876e-01 -1.799797696038174520e-06 3.886812524299706520e-07
2.050499999999999823e-01 -1.799811624129362825e-06 4.421756035253380834e-07
2.053499999999999770e-01 -1.499832303756639067e-06 6.008690350620767682e-07
2.056499999999999995e-01 -1.699853381050257853e-06 3.957876903746768821e-07
2.059499999999999664e-01 -2.099751083910891082e-06 5.043697355626440713e-07
2.062499999999999889e-01 -1.299844502068348886e-06 2.603149872476023595e-07
2.065499999999999836e-01 -1.799813690199972633e-06 3.886779490482449668e-07
2.068499999999999783e-01 -1.999830565334302430e-06 4.471740397555861457e-07
2.071500000000000008e-01 -1.399828981940556943e-06 2.666442646950962205e-07
2.074499999999999678e-01 -1.699835958570979624e-06 2.999942023152270413e-07
2.077499999999999902e-01 -1.899770246818626919e-06 3.479611939518095862e-07
2.080499999999999572e-01 -2.799645939054581683e-06 5.332415440692958365e-07
2.083499999999999797e-01 -1.499859279885663172e-06 4.013419037187434947e-07
2.086500000000000021e-01 -1.599862908312702589e-06 4.521196786402612972e-07
2.089499999999999691e-01 -1.999805792854579740e-06 3.651061150002476056e-07
2.092499999999999916e-01 -2.499622889873530344e-06 3.073023645993975229e-07
2.095499999999999585e-01 -2.199679311921180838e-06 4.421323619984703058e-07
2.098499999999999810e-01 -1.599811706971052571e-06 4.521002311898233352e-07
2.101500000000000035e-01 -1.199834231056496370e-06 3.589721404512672564e-07
2.104499999999999704e-01 -1.699819919160032642e-06 4.725301572910931927e-07
2.107499999999999929e-01 -2.399710734558191590e-06 5.999393418243640716e-07
2.110499999999999599e-01 -1.199913734527774154e-06 3.886984512411039835e-07
2.113499999999999823e-01 -1.299822725704315082e-06 2.999378844945732453e-07
2.116500000000000048e-01 -2.199732953263049347e-06 3.886834758690523260e-07
2.119499999999999718e-01 -1.499868867720334887e-06 3.726452737399844439e-07
2.122499999999999942e-01 -1.499805102545132513e-06 3.415255311391285528e-07
2.125499999999999612e-01 -1.699738489083827010e-06 3.957506059096563738e-07
2.128499999999999837e-01 -1.899725733801291962e-06 4.068290467211012546e-07
2.131500000000000061e-01 -1.699758299549640148e-06 3.666152492561602937e-07
2.134499999999999731e-01 -2.599721035053247916e-06 3.711475089340330756e-07
2.137499999999999956e-01 -1.499858254105585202e-06 3.415363214574282532e-07
2.140499999999999625e-01 -1.799828771257727329e-06 4.421757485406259130e-07
2.143499999999999850e-01 -1.199864397035061513e-06 2.905676864373703964e-07
2.146499999999999797e-01 -2.099787559181429875e-06 5.466418654982809142e-07
2.149499999999999744e-01 -2.999599466158458280e-06 3.650897141776824888e-07
2.152499999999999969e-01 -2.099753053945229109e-06 5.259286863110707288e-07
2.155499999999999639e-01 -1.499839423336026004e-06 3.415289517278716853e-07
2.158499999999999863e-01 -1.899791672977945777e-06 4.818449554025318742e-07
2.161499999999999810e-01 -1.899731150686829497e-06 4.332815542614641402e-07
2.164499999999999758e-01 -2.199779617027502057e-06 4.666008550851657090e-07
2.167499999999999982e-01 -1.799851931867407613e-06 5.120322897930476777e-07
2.170499999999999652e-01 -2.199677427248793744e-06 4.162513482304831223e-07
2.173499999999999877e-01 -1.799784659995176733e-06 2.905511029688855106e-07
2.176499999999999824e-01 -1.599839743797950119e-06 3.398975776062573914e-07
2.179499999999999771e-01 -2.399738741709871955e-06 5.616915987734162241e-07
2.182499999999999996e-01 -1.199821864420824648e-06 3.886761461367008004e-07
2.185499999999999665e-01 -1.399860899698865783e-06 3.054679184798379836e-07
2.188499999999999890e-01 -1.299853070938534372e-06 3.957592872352131077e-07
2.191499999999999559e-01 -2.199746360150303368e-06 4.421751263710826537e-07
2.194499999999999784e-01 -2.199671692423015559e-06 5.537086567720027107e-07
2.197500000000000009e-01 -1.199849475513888260e-06 1.999762541139897087e-07
2.200499999999999678e-01 -2.299674008302296244e-06 4.725087905340289072e-07
2.203499999999999903e-01 -1.599748636020613331e-06 4.268267379530810354e-07
2.206499999999999573e-01 -1.799771385460297579e-06 5.120242662832549826e-07
2.209499999999999797e-01 -1.199891748182644094e-06 2.494169675586275216e-07
2.212500000000000022e-01 -1.699774172889039772e-06 5.173975857566050220e-07
2.215499999999999692e-01 -1.899825800377111559e-06 3.479811482557427041e-07
2.218499999999999917e-01 -1.199844338322151024e-06 1.999796376522309615e-07
2.221499999999999586e-01 -2.099711881058007139e-06 2.768408388421110557e-07
2.224499999999999811e-01 -1.799802166338997969e-06 2.905896996256088768e-07
2.227500000000000036e-01 -1.899780982932005225e-06 3.144166639889142986e-07
2.230499999999999705e-01 -1.199857782468949309e-06 4.421691110697955672e-07
2.233499999999999930e-01 -1.599790928209260375e-06 5.206125304522184699e-07
2.236499999999999599e-01 -1.799782183589920296e-06 4.666079192788611289e-07
2.239499999999999824e-01 -9.998755990318133405e-07 2.581649989626577111e-07
2.242500000000000049e-01 -1.399807625862511998e-06 3.054498136510812274e-07
2.245499999999999718e-01 -1.299875190691458656e-06 3.666381183523198688e-07
2.248499999999999943e-01 -1.599847869944733772e-06 3.054726029352394220e-07
2.251499999999999613e-01 -8.999302767801349015e-07 2.768729757515325855e-07
2.254499999999999837e-01 -1.299818251316248708e-06 4.228870641205814803e-07
2.257499999999999785e-01 -1.399892015936426132e-06 3.054783895103102315e-07
2.260499999999999732e-01 -1.399776196817471256e-06 3.711236253053450788e-07
2.263499999999999956e-01 -1.499819810319909407e-06 3.072804857199192374e-07
2.266499999999999626e-01 -2.099745295396068025e-06 4.068003508139949719e-07
2.269499999999999851e-01 -1.499860878234598474e-06 4.533386034911289956e-07
2.272499999999999798e-01 -2.199725543875072593e-06 5.332819497214476047e-07
2.275499999999999745e-01 -1.399797633691469541e-06 4.520716703654654085e-07
2.278499999999999970e-01 -1.399805909355471215e-06 3.711371405590875660e-07
2.281499999999999639e-01 -1.699822511236258704e-06 3.666053117602241497e-07
2.284499999999999864e-01 -1.499754871429767690e-06 4.533172975092929333e-07
2.287499999999999811e-01 -1.999766350380795957e-06 3.943673160726575945e-07
2.290499999999999758e-01 -1.699819298699900920e-06 4.954894138435669811e-07
2.293499999999999983e-01 -1.699706824459564063e-06 2.999389980048729700e-07
2.296499999999999653e-01 -1.499800056393538933e-06 3.726212998228130042e-07
2.299499999999999877e-01 -1.999779636658511081e-06 4.943454407358668131e-07
2.302499999999999825e-01 -1.399852566421060947e-06 4.760537930095124175e-07
2.305499999999999772e-01 -1.699800881272759571e-06 5.384564838146479323e-07
2.308499999999999996e-01 -1.399847270641204234e-06 3.054482043903278388e-07
2.311499999999999666e-01 -8.999345825717110656e-07 2.333176487601543847e-07
2.314499999999999891e-01 -1.999786264284729744e-06 4.943835990881191566e-07
2.317499999999999560e-01 -1.399825519035886939e-06 4.520966220393581869e-07
2.320499999999999785e-01 -9.998899680524963278e-07 2.581676008297541808e-07
2.323500000000000010e-01 -1.499800886795775656e-06 4.013244983281021371e-07
2.326499999999999679e-01 -7.999185816783077096e-07 3.589758635836861461e-07
2.329499999999999904e-01 -2.099741498460978585e-06 6.045249212066412841e-07
2.332499999999999574e-01 -1.899825910650294695e-06 5.043958856022771577e-07
2.335499999999999798e-01 -1.699799159389466206e-06 7.309764597142773852e-07
2.338500000000000023e-01 -1.599737962696894844e-06 4.268098526280397660e-07
2.341499999999999693e-01 -1.499821352037514851e-06 3.073012520395635268e-07
2.344499999999999917e-01 -1.799764758483849961e-06 4.162666990025176974e-07
2.347499999999999587e-01 -1.699807062273680801e-06 3.349504595724267077e-07
2.350499999999999812e-01 -1.299849513319056522e-06 3.349589727894568947e-07
2.353500000000000036e-01 -1.599803702824135530e-06 2.666287632564841295e-07
2.356499999999999706e-01 -1.199908045572630699e-06 3.265689325990775870e-07
2.359499999999999931e-01 -1.699750326970915355e-06 4.725084051095761773e-07
2.362499999999999600e-01 -1.599862796006828209e-06 3.054644976150406727e-07
2.365499999999999825e-01 -1.799783880363442441e-06 2.905613756323825039e-07
2.368499999999999772e-01 -2.299565111148283431e-06 3.349080845783750710e-07
2.371499999999999719e-01 -1.799797558272140614e-06 3.589631536888192452e-07
2.374499999999999944e-01 -1.899793415142055836e-06 3.144200380764266294e-07
2.377499999999999614e-01 -1.099871510729851696e-06 3.479606346579969224e-07
2.380499999999999838e-01 -1.199803968534891702e-06 3.265456240265035324e-07
2.383499999999999786e-01 -1.599888412312032775e-06 3.711593669790236820e-07
2.386499999999999733e-01 -1.499831827071503518e-06 4.013400362259571997e-07
2.389499999999999957e-01 -1.399848805997127435e-06 4.268285453634240195e-07
2.392499999999999627e-01 -9.999460342223553240e-07 3.333130746619153181e-07
2.395499999999999852e-01 -1.499853518615990923e-06 4.533305414874581973e-07
2.398499999999999799e-01 -1.899783861417717274e-06 6.226140056564802439e-07
2.401499999999999746e-01 -1.399801154906180072e-06 3.711276972138109938e-07
2.404499999999999971e-01 -1.199890288209762064e-06 4.421697425299740216e-07
2.407499999999999640e-01 -1.599814219460001923e-06 5.415104363128870651e-07
2.410499999999999865e-01 -1.599813325306397090e-06 3.711137041762748970e-07
2.413499999999999812e-01 -1.499795021558932968e-06 3.415048660783528803e-07
2.416499999999999759e-01 -1.499802864197140813e-06 3.072904092332972743e-07
2.419499999999999984e-01 -1.599835563775584510e-06 2.666472646058009783e-07
2.422499999999999654e-01 -9.999263346344140957e-07 2.581811570749109202e-07
2.425499999999999878e-01 -1.599758842501187179e-06 5.616677954112029652e-07
2.428499999999999548e-01 -1.699785079120789855e-06 4.229037667279837481e-07
2.431499999999999773e-01 -1.499783658542604047e-06 2.686829948862189175e-07
2.434499999999999997e-01 -1.599795404707237540e-06 3.398936539153844013e-07
2.437499999999999667e-01 -1.999827928973494102e-06 3.333063732023046444e-07
2.440499999999999892e-01 -1.099887226783371519e-06 3.144357902326883977e-07
2.443499999999999561e-01 -1.899766106165260026e-06 3.785376795923891658e-07
2.446499999999999786e-01 -1.799776555976300641e-06 4.665927515072222527e-07
2.449500000000000011e-01 -1.299817753801262202e-06 4.229164843373365709e-07
2.452499999999999680e-01 -1.399793270891678856e-06 5.205995332566326028e-07
2.455499999999999905e-01 -2.099752120339749739e-06 6.226097145126951292e-07
2.458499999999999575e-01 -1.499724784402483721e-06 2.687013181023367014e-07
2.461499999999999799e-01 -1.899783710374851248e-06 4.332782703456576787e-07
2.464500000000000024e-01 -1.699833997621795229e-06 2.603125074084448141e-07
2.467499999999999694e-01 -2.199748181544502908e-06 6.632632120521577771e-07
2.470499999999999918e-01 -1.299838692899451149e-06 2.603117566260828117e-07
2.473499999999999588e-01 -1.599806066874203541e-06 4.268209166539765036e-07
2.476499999999999813e-01 -1.499851491010982771e-06 3.072802147213401579e-07
2.479499999999999760e-01 -1.099873273445130825e-06 3.479789725254834112e-07
2.482499999999999707e-01 -2.299693900206800216e-06 5.174264574749838439e-07
2.485499999999999932e-01 -1.999798937907266898e-06 4.713489154794138490e-07
2.488499999999999601e-01 -1.999790898673414186e-06 4.713326103721245138e-07
2.491499999999999826e-01 -1.399866928849474336e-06 3.711489310124326684e-07
2.494499999999999773e-01 -1.499857143674026783e-06 4.999387086964157592e-07
2.497499999999999720e-01 -9.999051197556677259e-07 4.471640440423296184e-07
2.500499999999999945e-01 -1.099898817800564818e-06 3.785410464539732202e-07
2.503499999999999615e-01 -8.999130732798952013e-07 2.333148630466344323e-07
2.506499999999999839e-01 -1.399827363130990017e-06 4.521351595322437795e-07
2.509500000000000064e-01 -1.199868825438810960e-06 3.589806164559064976e-07
2.512499999999999734e-01 -1.499775596165604695e-06 3.072854521536485608e-07
2.515499999999999403e-01 -1.199862322631378416e-06 3.886932451841180567e-07
2.518500000000000183e-01 -1.299920095956454553e-06 2.999790758232836751e-07
2.521499999999999853e-01 -1.099853459754248633e-06 6.045385358334144757e-07
2.524499999999999522e-01 -1.799793294111298577e-06 3.886773797239231987e-07
2.527499999999999747e-01 -1.399838309059716750e-06 4.268327524160566494e-07
2.530499999999999972e-01 -1.699837289691793903e-06 2.603087115494412775e-07
2.533499999999999641e-01 -1.599847742461791865e-06 4.521088435527179312e-07
2.536499999999999866e-01 -1.399865759091668786e-06 3.054664066135625900e-07
2.539500000000000091e-01 -1.399845761307900295e-06 3.399061842332460388e-07
2.542499999999999760e-01 -1.699691498582153333e-06 4.228721547766668027e-07
2.545499999999999430e-01 -9.999235195788617104e-07 2.108035612845563067e-07
2.548500000000000210e-01 -1.299879481541371407e-06 4.229093138516651214e-07
2.551499999999999879e-01 -1.399751491293643697e-06 3.398764543553516540e-07
2.554499999999999549e-01 -1.699770183284512182e-06 3.957491682703204863e-07
2.557499999999999774e-01 -1.499779802396926015e-06 2.686993892043592694e-07
2.560499999999999998e-01 -9.999200304230569311e-07 2.981194642824889686e-07
2.563499999999999668e-01 -1.299779528155572944e-06 2.603144364819054499e-07
2.566499999999999337e-01 -1.299782945439850338e-06 3.957342682351197045e-07
2.569500000000000117e-01 -1.299888184938613255e-06 4.725448551732938393e-07
2.572499999999999787e-01 -6.999429006293452060e-07 2.134106885595583931e-07
2.575499999999999456e-01 -9.998822637210426006e-07 4.471776825694384066e-07
2.578499999999999681e-01 -1.899759501327964330e-06 4.068397172288607200e-07
2.581499999999999906e-01 -9.999107505564068167e-07 2.581683122137420471e-07
2.584499999999999575e-01 -1.799797219742522508e-06 2.905624827043622443e-07
2.587499999999999800e-01 -1.299822040146830769e-06 3.666048045673398324e-07
2.590500000000000025e-01 -1.399811554109866432e-06 3.399002144872122412e-07
2.593499999999999694e-01 -1.399874001568204269e-06 4.988383396882295645e-07
2.596499999999999364e-01 -9.998686915849594534e-07 3.943565724905745348e-07
2.599500000000000144e-01 -1.499811085191891185e-06 4.013448953993097422e-07
2.602499999999999813e-01 -1.899828073998253829e-06 4.068444541005953988e-07
2.605499999999999483e-01 -1.299776417994981369e-06 3.349308604831148681e-07
2.608499999999999708e-01 -1.799735556622627788e-06 4.162794641790178529e-07
2.611499999999999932e-01 -5.999317443322772868e-07 2.210755054585368571e-07
2.614499999999999602e-01 -1.599733474633084913e-06 4.268085555518770054e-07
2.617499999999999827e-01 -1.599798704173478570e-06 4.267998825533523099e-07
2.620500000000000052e-01 -1.099878287999830232e-06 2.768609218862630777e-07
2.623499999999999721e-01 -1.099819021222052552e-06 3.479482796521958276e-07
2.626499999999999391e-01 -7.998852218940767599e-07 2.494138958723181005e-07
2.629500000000000171e-01 -5.999388717078069274e-07 3.054665555835918226e-07
2.632499999999999840e-01 -5.999165358736653755e-07 1.632766005225510018e-07
2.635499999999999510e-01 -2.199724581508713166e-06 3.886827597558076706e-07
2.638499999999999734e-01 -7.998862262246769377e-07 2.493935181056110208e-07
2.641499999999999959e-01 -7.998597465475272276e-07 2.494075073428342203e-07
2.644499999999999629e-01 -9.998974079641864621e-07 2.108019049027263758e-07
2.647499999999999853e-01 -1.099909074716483501e-06 2.768623086766460364e-07
2.650500000000000078e-01 -1.099902363266919819e-06 3.785523618269998767e-07
2.653499999999999748e-01 -7.999435599752696008e-07 2.494308008204062227e-07
2.656499999999999417e-01 -1.599788793857024147e-06 4.268098105621565440e-07
2.659500000000000197e-01 -1.099829589254424041e-06 3.144017204707983311e-07
2.662499999999999867e-01 -1.999769359136079043e-06 5.374309902030800734e-07
2.665499999999999536e-01 -1.199868992639130517e-06 3.589827172925633386e-07
2.668499999999999761e-01 -1.499820518996378533e-06 2.235578885483101949e-07
2.671499999999999986e-01 -1.199872559464432217e-06 2.905633299433036762e-07
2.674499999999999655e-01 -1.499804904952872280e-06 3.726168853504548398e-07
2.677499999999999325e-01 -6.999083585028076493e-07 2.603094482264170840e-07
2.680500000000000105e-01 -1.399839136468866839e-06 3.398922800648791970e-07
2.683499999999999774e-01 -8.999238345716911355e-07 2.333086350295979130e-07
2.686499999999999444e-01 -1.699777072714305277e-06 4.228826495799898886e-07
2.689499999999999669e-01 -1.199862812114365894e-06 3.589589271200014390e-07
2.692499999999999893e-01 -1.499754442902798353e-06 5.425549426306204015e-07
2.695499999999999563e-01 -1.899813369402625367e-06 3.785591591114288680e-07
2.698499999999999788e-01 -9.998698349236739699e-07 2.581685007873385120e-07
2.701500000000000012e-01 -1.599823978158486077e-06 2.666354545272815938e-07
2.704499999999999682e-01 -1.399875983592113246e-06 5.415492076641296396e-07
2.707499999999999352e-01 -7.999088443318802766e-07 2.905603165216679093e-07
2.710500000000000131e-01 -1.599785958191181698e-06 2.666356274667094130e-07
2.713499999999999801e-01 -1.099891840197225999e-06 2.768660821395938806e-07
2.716499999999999471e-01 -1.499861993742809687e-06 4.013495193113700322e-07
2.719499999999999695e-01 -1.099838795352275553e-06 3.143993365034424856e-07
2.722499999999999920e-01 -1.299861176519668926e-06 2.999575261461625424e-07
2.725499999999999590e-01 -1.599735979568004494e-06 3.999346977591123040e-07
2.728499999999999814e-01 -1.199849396069500503e-06 4.421524356130574769e-07
2.731500000000000039e-01 -1.299777020787488118e-06 3.957341263060218822e-07
2.734499999999999709e-01 -1.299774797433990865e-06 4.228722112011573556e-07
2.737499999999999378e-01 -1.999777039639048384e-06 5.772893764262677055e-07
2.740500000000000158e-01 -7.999066476592645171e-07 1.999760012979066430e-07
2.743499999999999828e-01 -1.299869746488560118e-06 2.603109851525110938e-07
2.746499999999999497e-01 -1.299791034644679859e-06 2.999521026000526296e-07
2.749499999999999722e-01 -1.299836862287658871e-06 2.999768966207146707e-07
2.752499999999999947e-01 -7.998448744814374263e-07 1.999716489526457590e-07
2.755499999999999616e-01 -8.998495863227319752e-07 3.144056119544173307e-07
2.758499999999999841e-01 -7.998650783732462471e-07 2.905469730824678116e-07
2.761500000000000066e-01 -1.299859076639170881e-06 3.957637727551479409e-07
2.764499999999999735e-01 -9.998496066262725467e-07 2.107865451680840110e-07
2.767499999999999405e-01 -2.099756775281101229e-06 4.332969354288662224e-07
2.770500000000000185e-01 -1.399856699853606432e-06 3.999536216063413727e-07
2.773499999999999854e-01 -1.399823184915065740e-06 2.210817647858319960e-07
2.776499999999999524e-01 -7.999139892643333453e-07 2.494179464816510775e-07
2.779499999999999749e-01 -1.299844796269684813e-06 4.483952156681796889e-07
2.782499999999999973e-01 -1.499843821183268342e-06 3.415193250089354996e-07
2.785499999999999643e-01 -1.199863874892576396e-06 4.162851815582940465e-07
2.788499999999999868e-01 -1.399829197664528536e-06 3.711350493223380838e-07
2.791500000000000092e-01 -1.199803362052504452e-06 3.265447918378521421e-07
2.794499999999999762e-01 -8.999317275051508128e-07 2.768694608756238200e-07
2.797499999999999432e-01 -1.099870858384908292e-06 2.768578494164636387e-07
2.800499999999999656e-01 -6.998842223420172996e-07 2.134018995644506312e-07
2.803499999999999881e-01 -5.999071443333587559e-07 1.632740450303321849e-07
2.806499999999999551e-01 -7.998933316327363753e-07 3.886829836961562937e-07
2.809499999999999775e-01 -1.299875673162875109e-06 3.666345708079314206e-07
2.812500000000000000e-01 -1.599802488767604171e-06 3.399002495362098360e-07
2.815499999999999670e-01 -1.999721031877551382e-06 5.962184673012098648e-07
2.818499999999999339e-01 -1.899771695733681018e-06 3.144174552886808044e-07
2.821500000000000119e-01 -8.998838031331676214e-07 2.768542845609207521e-07
2.824499999999999789e-01 -5.999196402515276569e-07 2.210772014770237065e-07
2.827499999999999458e-01 -1.699806421219625597e-06 2.999736712708891645e-07
2.830499999999999683e-01 -1.699766206738244729e-06 2.999651148353685256e-07
2.833499999999999908e-01 -8.999274374057268288e-07 3.479798067584665545e-07
2.836499999999999577e-01 -8.998053361565553303e-07 3.143991245054066742e-07
2.839499999999999802e-01 -1.299887934547384347e-06 4.228981140324198645e-07
2.842500000000000027e-01 -1.299864375500363626e-06 3.349556248603047204e-07
2.845499999999999696e-01 -8.998998441104413649e-07 2.333118853558920876e-07
2.848499999999999366e-01 -1.399820988470046569e-06 3.999321308620659879e-07
2.851500000000000146e-01 -1.099870301975922134e-06 2.332975888344370545e-07
2.854499999999999815e-01 -2.099774678819034740e-06 4.582123625623396317e-07
2.857499999999999485e-01 -7.998883757957399467e-07 3.589597842893669856e-07
2.860499999999999710e-01 -1.599870799094352461e-06 3.054772137877223848e-07
2.863499999999999934e-01 -7.999060054742494403e-07 1.999708292081654137e-07
2.866499999999999604e-01 -7.999328091824734117e-07 3.265773505231915777e-07
2.869499999999999829e-01 -9.998434593350126868e-07 3.332875073542112301e-07
2.872500000000000053e-01 -1.999707237123892532e-06 5.374208443597793042e-07
2.875499999999999723e-01 -6.999396181449823913e-07 2.603187177198089649e-07
2.878499999999999392e-01 -9.999120698522951388e-07 3.943773492067294886e-07
2.881500000000000172e-01 -1.099842860998163615e-06 3.144164895714416738e-07
2.884499999999999842e-01 -1.899782056212452303e-06 3.785403518813403256e-07
2.887499999999999512e-01 -1.799709658226313218e-06 4.898317531123370489e-07
2.890499999999999736e-01 -7.998837008331049873e-07 2.494078175750746795e-07
2.893499999999999961e-01 -5.999568701829457842e-07 2.210912381378255424e-07
2.896499999999999631e-01 -6.999323283518881076e-07 2.603120042036555162e-07
2.899499999999999855e-01 -7.999275864662018205e-07 3.265667808371662952e-07
2.902500000000000080e-01 -1.499785809294060301e-06 3.726443156872585677e-07
2.905499999999999750e-01 -1.299832020611108366e-06 4.484092032097859707e-07
2.908499999999999419e-01 -1.599713618758043419e-06 3.711216936815876175e-07
2.911499999999999644e-01 -8.998207206703794992e-07 2.332827361016818654e-07
2.914499999999999869e-01 -1.299899000827370995e-06 3.666396528107776750e-07
2.917499999999999538e-01 -1.499850167440665923e-06 5.425926495185315648e-07
2.920499999999999763e-01 -1.299809719167866713e-06 5.174015304182319994e-07
2.923499999999999988e-01 -1.099839132000730045e-06 4.332483600389346884e-07
2.926499999999999657e-01 -8.998459501697671876e-07 1.794846682173209227e-07
2.929499999999999327e-01 -1.199863936893654047e-06 3.589574911778901907e-07
2.932500000000000107e-01 -1.599808630886286026e-06 3.999661178015829035e-07
2.935499999999999776e-01 -1.299835308654284457e-06 4.228942291183194235e-07
2.938499999999999446e-01 -1.299850474724882493e-06 2.999683400668309184e-07
2.941499999999999670e-01 -1.299866175121023697e-06 2.999733198505031631e-07
2.944499999999999895e-01 -1.199869287386718627e-06 2.905662248790556114e-07
2.947499999999999565e-01 -9.999305677954200268e-07 2.981218190530861550e-07
2.950499999999999790e-01 -1.499860141847671789e-06 3.415193087699471601e-07
2.953500000000000014e-01 -1.199900153331905801e-06 1.333295655659261118e-07
2.956499999999999684e-01 -8.998713606394562281e-07 2.333011292235948312e-07
2.959499999999999353e-01 -9.998449720809628188e-07 2.581608513202465279e-07
2.962500000000000133e-01 -9.999053534683317056e-07 2.981141772566299382e-07
2.965499999999999803e-01 -8.999249543304310982e-07 3.785587720202416145e-07
2.968499999999999472e-01 -1.399836386972382375e-06 4.760204517796641206e-07
2.971499999999999697e-01 -8.999135570859683402e-07 2.333117780043300923e-07
2.974499999999999922e-01 -1.399808462305656622e-06 3.398996689841979485e-07
2.977499999999999591e-01 -8.999287760432105844e-07 2.768644205302889455e-07
2.980499999999999816e-01 -5.999116426492261410e-07 2.210758051469370499e-07
2.983500000000000041e-01 -9.998938242201097601e-07 2.107981963081827228e-07
2.986499999999999710e-01 -1.599863228592901613e-06 3.711468141641400777e-07
2.989499999999999380e-01 -6.998986901300356244e-07 2.603161552284409937e-07
2.992500000000000160e-01 -1.399853787520158384e-06 3.399025328008617035e-07
2.995499999999999829e-01 -1.299871664908509917e-06 2.999763262430584107e-07
2.998499999999999499e-01 -1.099914727012643663e-06 2.768772814713110606e-07
